Created by SunData for Windows Mobile v2.0.0.1
	
Title     :	lai index 2012
Location  :	Cae Canol
	
2014-07-18		
SunScan probe v1.02R (C) JGW 2004/01/19
	
Ext Sensor: BFS
Group   1 :	
	
Time	cae canol 	Sample	PAR	Spread	Total	Diffuse			Notes	1	2	3	4	5	6	7	8	9	10	11	12	13	14	15	16	17	18	19	20	21	22	23	24	25	26	27	28	29	30	31	32	33	34	35	36	37	38	39	40	41	42	43	44	45	46	47	48	49	50	51	52	53	54	55	56	57	58	59	60	61	62	63	 tip 64
	
11:05:00	40	1	59.0	1.28	1650.5	658.1				27	26	26	25	22	15	7	3	4	5	7	12	23	82	83	30	29	29	29	30	32	65	130	38	32	36	114	128	38	31	28	29	29	30	30	31	27	30	37	41	45	45	42	44	46	46	44	39	45	46	51	53	55	69	148	105	519	281	71	61	86	240	65	58
11:05:13	40	2	45.1	0.62	1841.6	663.0				40	36	33	34	33	33	36	40	39	36	32	38	41	38	37	36	37	36	36	64	49	50	135	42	41	41	40	42	43	42	40	41	44	47	48	48	49	49	49	56	90	67	57	51	52	55	226	57	47	38	38	38	39	28	30	31	27	22	29	25	19	23	23	24
11:05:33	40	3	97.4	0.42	1901.4	681.3				69	67	65	64	68	72	70	69	70	71	76	80	82	145	144	81	115	158	78	67	61	54	49	47	43	39	35	37	75	92	103	292	222	113	99	105	112	108	105	104	105	104	104	104	106	111	148	110	141	144	107	104	105	106	106	104	104	103	103	100	95	111	120	88
11:06:00	40	4	195.5	1.01	1925.2	697.8				52	57	63	61	63	67	67	147	402	89	432	341	87	90	387	87	192	170	631	268	660	157	99	98	99	110	225	506	573	994	397	118	119	114	115	235	575	274	108	99	104	91	88	87	107	236	84	83	82	80	82	80	80	79	104	82	80	80	99	798	212	119	75	73
11:06:16	40	5	80.3	0.37	1953.3	689.8				56	55	53	52	52	53	53	57	62	68	58	55	55	56	56	56	63	170	222	185	106	80	83	85	84	86	87	85	84	82	79	78	83	84	78	69	79	79	87	89	91	99	112	91	91	91	89	89	87	80	77	83	86	88	84	74	78	75	76	74	52	41	57	70
11:06:33	40	6	150.7	0.83	1908.7	689.8				71	68	66	57	60	67	70	72	73	70	71	70	73	75	80	126	102	87	93	95	102	220	243	130	217	104	101	102	102	102	104	182	382	135	488	541	121	107	118	646	437	109	123	102	163	548	131	255	127	94	108	114	262	143	110	109	110	168	108	107	105	106	106	106
11:08:03	39	1	20.2	1.62	1780.5	554.4				20	19	20	20	20	19	20	20	19	16	13	11	11	13	11	11	10	10	6	5	6	7	6	8	9	11	10	8	6	6	6	7	8	9	9	18	47	22	12	11	13	43	134	241	53	15	8	14	15	16	17	15	16	23	17	16	16	15	15	15	14	14	14	13
11:08:14	39	2	8.4	1.12	1779.9	557.4				31	31	29	38	28	30	26	23	22	19	19	17	15	14	13	11	11	9	9	8	7	7	6	6	6	6	6	6	5	4	4	3	2	2	2	2	1	1	1	1	1	1	1	1	1	1	2	2	2	3	3	2	2	2	2	1	2	2	3	4	4	5	6	6
11:08:36	39	3	4.5	3.00	1734.8	543.4				7	7	7	7	6	6	5	5	4	4	3	2	2	1	1	1	1	1	0	0	0	0	0	1	0	1	1	0	0	1	0	1	1	1	0	0	1	1	2	3	57	97	5	2	2	3	3	3	3	2	3	3	2	3	2	2	2	2	3	2	2	2	2	2
11:08:53	39	4	1.0	0.68	656.9	501.3				2	1	1	0	0	0	0	0	0	0	0	0	0	1	0	0	1	1	1	1	0	1	1	1	1	1	0	0	0	1	0	1	1	1	1	1	1	2	2	2	2	2	2	1	1	2	2	2	2	2	2	2	2	2	2	2	2	1	1	2	1	1	1	1
11:09:21	39	5	18.0	1.05	752.7	580.0				7	6	6	6	5	4	5	5	5	5	4	4	5	6	6	6	5	4	5	6	7	8	8	8	8	9	9	9	11	12	12	13	31	21	17	21	33	28	26	27	28	53	96	67	30	30	39	72	47	24	11	5	4	3	1	1	2	8	47	45	37	26	29	29
11:09:31	39	6	99.2	1.79	1337.4	617.2				15	15	14	12	12	11	8	8	8	7	6	4	7	9	21	6	5	6	8	8	6	5	6	7	6	7	10	11	14	49	205	13	42	23	21	21	23	25	27	29	89	37	36	40	46	49	53	59	66	69	107	163	193	659	449	164	160	429	792	304	204	608	682	152
11:12:48	42	1	6.6	0.21	663.0	608.1				7	8	8	8	7	7	7	7	7	7	7	6	4	7	8	8	8	8	8	8	7	7	7	6	6	5	5	5	5	5	4	3	3	4	5	6	8	9	9	8	8	9	8	8	8	8	8	8	8	8	8	7	6	7	7	6	6	6	6	6	5	5	6	7
11:14:47	42	2	24.3	2.25	1649.9	678.3				10	10	10	10	11	19	404	196	21	14	13	16	118	37	19	15	12	11	11	9	10	10	36	13	12	13	13	12	11	12	11	12	13	11	12	14	13	13	13	13	13	13	13	12	13	12	12	13	12	12	13	13	13	13	15	24	14	13	13	13	12	13	14	14
11:15:10	42	3	12.4	0.56	1756.7	692.9				10	10	10	10	10	9	9	9	10	9	9	8	8	7	6	6	7	7	7	6	6	6	6	6	6	7	8	8	8	8	8	8	8	8	10	10	10	10	13	19	16	16	17	19	53	19	17	17	18	17	18	18	18	18	19	19	19	19	18	18	17	17	17	16
11:15:28	42	4	6.4	0.38	1640.8	689.8				11	11	10	10	9	9	8	7	6	6	5	6	6	6	6	5	5	5	5	5	5	5	4	5	5	5	4	5	5	5	6	6	6	6	6	6	7	5	5	4	5	6	6	7	9	11	14	13	12	11	4	8	4	6	6	2	5	6	4	6	8	5	5	6
11:16:02	42	5	48.7	0.52	616.0	616.0				22	22	21	22	22	22	22	22	22	22	22	22	23	25	24	24	25	25	27	26	27	29	30	32	33	37	40	40	42	43	43	42	42	42	43	44	44	44	48	49	49	50	53	58	63	66	69	72	74	75	78	80	85	90	92	91	90	90	90	89	80	89	93	96
11:16:20	42	6	67.5	1.32	636.1	625.2				281	417	423	157	363	88	73	66	108	288	48	38	37	33	48	32	57	48	40	28	37	40	34	35	34	27	20	27	26	38	73	35	43	52	45	54	32	24	27	26	22	17	23	28	27	25	23	32	41	45	31	20	114	26	37	120	46	35	34	33	29	24	32	54
11:17:36	46	1	30.8	0.51	786.9	675.8				61	52	47	44	40	36	34	33	30	27	25	24	22	21	19	16	12	13	11	11	8	10	12	27	13	10	9	6	13	12	11	11	12	15	17	11	12	23	37	49	51	44	43	42	45	48	48	45	46	44	40	43	47	51	51	48	47	45	44	40	40	40	41	40
11:18:05	46	2	54.1	0.86	1128.7	743.0				20	10	14	24	14	9	9	8	7	8	9	9	18	16	51	308	39	16	14	21	95	30	21	18	24	25	72	36	24	26	52	66	88	160	48	53	91	189	91	86	55	53	54	62	61	61	62	64	64	80	67	63	63	65	66	67	66	67	68	68	66	67	68	69
11:18:30	46	3	102.7	1.56	1719.5	786.9				49	59	45	43	42	40	38	36	35	30	24	26	23	24	27	27	30	31	31	29	27	28	28	27	24	24	21	24	27	29	127	32	29	33	36	40	48	293	911	152	95	261	284	66	65	528	189	179	186	53	52	57	59	198	673	472	91	115	53	49	48	44	44	65
11:18:45	46	4	94.9	1.70	1737.8	793.6				29	31	32	33	33	33	33	33	33	33	34	35	167	77	214	438	92	28	28	82	28	26	26	26	25	25	25	24	24	24	25	24	21	21	24	27	31	37	43	44	43	41	52	56	63	145	61	62	64	65	68	86	137	120	120	858	925	130	110	76	85	360	84	202
11:18:55	46	5	72.2	1.14	1739.7	788.7				50	48	47	47	46	44	42	41	41	40	38	37	38	38	69	45	32	32	29	27	27	96	34	205	183	27	62	29	37	154	64	52	185	106	123	53	420	536	51	44	45	46	46	48	49	51	52	54	54	53	55	55	58	57	58	58	58	60	61	55	36	63	67	66
11:19:06	46	6	47.6	1.98	1712.8	760.7				29	107	49	32	32	32	33	33	30	32	55	36	28	30	29	22	21	21	22	21	25	30	44	23	22	19	49	55	18	15	18	33	73	465	651	94	30	27	27	28	28	28	30	31	31	31	32	31	31	24	27	26	26	27	27	39	22	20	18	17	15	15	18	17
11:20:27	51	1	80.6	1.35	1601.7	694.1				42	44	38	42	48	51	42	42	58	60	42	44	167	537	67	44	45	70	43	39	40	40	35	31	34	41	40	41	42	41	41	42	43	43	42	41	42	42	40	40	44	46	46	48	50	51	53	57	60	185	251	73	62	62	63	64	65	67	143	198	168	720	147	70
11:20:42	51	2	101.9	1.69	1606.6	681.3				49	148	302	52	44	46	44	42	42	34	37	43	46	46	46	44	44	41	40	41	40	41	40	39	39	42	42	42	40	38	37	36	34	32	31	31	31	32	33	34	34	42	38	128	53	41	52	40	49	200	426	708	954	405	48	39	88	71	54	54	91	705	185	54
11:21:49	51	3	97.3	1.44	1507.1	661.8				52	96	178	231	47	42	40	40	41	43	45	47	48	48	47	44	40	46	49	49	50	51	64	257	56	51	56	190	57	53	86	825	619	648	91	73	101	57	50	49	51	50	51	53	57	58	59	64	78	63	63	61	63	63	64	66	65	67	66	54	63	65	66	66
11:22:12	51	4	103.9	1.57	1499.8	674.0				36	34	34	34	34	35	34	31	30	31	32	31	30	28	28	31	33	33	33	32	31	38	45	47	52	116	72	78	429	955	860	116	102	80	68	126	283	204	62	58	56	55	66	56	65	199	335	129	58	56	58	56	56	56	57	60	198	208	59	67	56	57	59	60
11:22:40	51	5	71.2	0.54	1461.3	686.2				63	63	63	69	68	64	65	68	66	66	67	66	66	66	65	65	66	74	71	69	70	71	71	72	93	71	72	151	267	73	70	109	52	60	77	52	53	51	48	45	46	48	46	30	47	49	50	53	57	58	132	246	87	121	51	53	49	62	42	51	56	57	58	55
11:22:48	51	6	72.8	0.67	1510.8	694.7				68	67	67	67	66	66	67	145	225	92	67	63	62	60	58	57	59	57	56	57	57	55	53	50	49	46	44	44	42	41	37	82	43	35	32	34	35	32	40	50	62	157	56	55	74	66	63	64	82	67	72	74	77	77	78	79	119	375	119	80	79	102	82	81
11:24:14	50	1	6.3	2.86	1518.7	738.1				12	11	10	9	8	7	6	5	4	4	3	3	2	1	1	1	1	0	0	0	0	0	0	0	0	0	0	0	0	0	0	0	0	0	1	1	1	1	1	1	1	2	2	2	2	2	2	2	3	3	3	4	4	14	111	17	4	4	3	4	5	7	11	99
11:24:32	50	2	0.3	2.63	753.9	681.9				2	3	3	3	2	2	0	0	0	0	0	0	0	0	0	0	0	0	0	0	0	0	0	0	0	0	0	0	0	0	0	0	0	0	0	0	0	0	0	0	0	0	0	0	0	0	0	0	0	0	0	0	0	0	0	0	0	0	0	2	0	0	1	0
11:24:44	50	3	0.9	0.98	696.0	664.8				1	1	1	0	0	0	0	0	0	0	0	0	0	0	0	0	0	0	0	0	0	0	0	0	0	0	0	0	0	0	1	1	0	0	1	2	2	2	2	2	2	2	2	2	2	2	2	2	2	2	2	2	2	2	1	2	2	2	1	1	1	1	1	1
11:25:01	50	4	2.4	0.91	713.0	661.2				2	1	1	0	0	0	0	0	0	0	0	0	0	0	0	0	0	0	0	0	0	0	1	1	2	1	1	1	1	1	1	2	2	2	3	3	3	3	3	3	3	3	3	3	3	3	3	3	4	4	4	4	6	5	5	6	6	7	6	6	6	7	7	7
11:25:12	50	5	1.1	1.07	747.8	670.3				2	1	0	0	0	0	0	0	0	0	0	0	0	0	0	0	0	0	0	0	0	0	0	0	0	0	0	0	0	1	1	1	1	1	1	2	2	1	1	1	1	2	2	2	3	3	3	3	3	2	3	3	4	3	3	3	3	2	2	1	1	1	1	0
11:25:28	50	6	5.8	0.83	1272.1	696.0				7	6	5	5	6	5	4	3	2	1	0	0	0	0	0	0	0	0	0	0	0	0	1	1	1	2	2	3	4	4	4	4	4	4	4	6	7	8	8	8	8	8	8	9	9	9	10	11	12	11	12	13	12	12	12	25	14	15	10	8	7	6	6	6
11:29:10	35	1	0.9	1.02	1174.5	733.2				3	3	2	2	2	1	1	0	0	0	0	0	0	0	0	0	0	0	0	0	0	0	1	1	0	0	1	0	0	0	0	0	0	0	0	0	0	0	0	1	2	2	2	2	3	2	2	2	2	1	1	1	1	1	1	1	1	1	1	1	1	1	1	1
11:29:22	35	2	0.1	2.93	811.9	708.2				1	1	0	0	0	0	0	0	0	0	0	0	0	0	0	0	0	0	0	0	0	0	0	0	0	0	0	0	0	0	0	0	0	0	0	0	0	0	0	0	0	1	0	0	0	0	0	0	0	0	0	0	0	0	0	0	0	0	0	0	0	0	0	0
11:29:50	35	3	0.5	2.50	753.9	692.9				0	0	0	0	0	0	0	0	0	0	0	0	0	0	0	0	0	0	0	0	0	0	0	0	0	0	0	0	0	0	0	0	0	0	0	0	0	0	0	0	0	0	0	0	0	0	0	0	0	0	0	0	1	1	1	1	2	2	3	3	4	4	5	5
11:30:04	35	4	0.6	1.74	802.2	703.9				0	0	0	0	0	0	0	0	0	0	0	0	0	0	0	0	0	0	0	0	0	0	0	0	0	0	0	0	0	0	0	0	0	0	0	0	0	0	0	0	0	1	0	0	0	0	1	1	1	1	1	1	2	1	2	2	2	2	3	3	3	2	4	4
11:30:25	35	5	2.7	1.21	1346.0	714.9				0	0	0	0	0	0	0	0	0	0	0	0	0	0	0	0	0	0	0	0	0	0	0	0	1	1	1	1	1	1	1	1	2	2	2	2	1	2	1	1	2	3	2	3	4	4	4	5	5	5	5	6	7	8	9	10	10	10	10	10	9	8	8	8
11:30:37	35	6	10.2	2.83	1407.0	725.3				3	3	2	1	0	1	1	0	0	0	0	0	0	0	0	0	0	0	0	0	0	0	0	0	0	0	0	1	1	1	8	121	10	4	4	4	4	4	5	5	6	6	7	7	7	7	7	8	8	8	8	8	10	55	196	38	14	35	13	10	7	7	3	2
11:31:51	36	1	19.1	0.78	1690.8	774.7				11	11	10	9	13	10	10	33	13	9	8	9	9	9	11	10	8	9	10	10	10	11	15	12	10	11	10	10	10	10	10	8	8	8	8	9	12	48	97	26	18	15	15	17	29	34	19	18	19	16	14	20	25	28	31	35	36	36	38	38	38	39	41	42
11:32:01	36	2	17.8	0.90	1711.0	774.7				18	18	18	17	16	15	16	15	15	15	15	16	16	15	14	14	13	13	13	11	10	11	9	8	9	9	10	10	10	10	10	10	10	11	11	12	13	13	13	14	16	17	18	18	18	18	16	15	14	15	17	30	50	132	38	18	16	16	20	41	28	19	15	18
11:32:15	36	3	98.3	1.35	1560.8	780.2				48	71	46	42	45	41	44	47	48	48	49	48	73	46	49	161	108	498	728	702	280	36	25	18	44	330	57	40	43	57	46	50	43	45	57	59	55	41	56	57	57	59	67	64	64	69	67	70	71	78	91	68	66	61	62	67	74	78	81	82	96	111	143	169
11:32:25	36	4	150.2	1.14	1493.1	777.7				46	118	105	53	46	44	46	43	45	47	47	31	26	27	26	27	28	28	30	34	46	76	602	748	503	53	52	72	75	73	75	74	82	75	70	82	241	84	80	82	306	104	112	350	98	96	134	136	107	107	118	125	139	149	185	237	193	215	609	765	482	176	175	355
11:32:38	36	5	71.2	1.57	1628.0	771.6				19	19	19	19	18	18	18	18	18	18	18	17	18	19	20	22	23	22	22	23	23	23	23	24	26	28	30	33	35	38	39	30	66	48	37	125	74	59	35	59	84	37	36	37	38	39	39	48	43	44	108	201	646	583	134	252	213	92	69	230	208	48	44	46
11:32:53	36	6	25.3	1.16	1577.9	780.2				28	28	28	62	241	89	28	25	25	25	25	25	26	26	26	26	27	26	26	26	26	25	25	22	20	20	20	19	19	16	13	15	16	14	12	11	15	16	16	15	14	16	15	15	15	16	14	14	12	9	10	13	17	19	23	21	22	22	23	24	23	24	24	25
11:35:20	44	1	126.0	1.44	1957.6	753.9				44	45	44	46	46	43	41	40	39	39	39	38	37	37	39	38	38	44	344	314	48	37	41	56	75	48	43	46	48	48	61	191	277	941	787	279	123	66	42	41	38	32	30	40	68	107	211	492	456	226	76	78	78	77	83	72	73	69	66	63	61	77	112	693
11:35:40	44	2	163.0	1.46	1947.2	755.8				30	157	56	244	46	35	35	35	44	44	53	41	115	255	82	37	35	37	38	36	39	37	35	37	57	83	33	28	24	29	64	162	119	97	181	198	161	715	1017	996	1048	163	147	647	271	612	485	88	59	282	85	60	69	77	82	80	82	84	82	80	76	74	69	65
11:36:14	44	3	52.9	0.68	1992.3	786.9				73	139	111	69	66	64	63	64	74	66	59	57	59	59	73	243	167	57	57	103	99	60	50	49	41	33	31	29	23	22	22	23	23	22	23	19	18	26	26	29	38	39	39	43	46	47	41	42	43	41	40	38	40	41	41	42	44	44	44	42	40	41	41	41
11:36:29	44	4	127.4	1.28	2014.3	749.7				61	61	60	61	60	60	59	58	55	54	53	51	51	50	49	46	43	42	42	43	47	298	59	35	37	110	36	32	163	105	40	116	834	810	46	40	55	67	74	77	63	61	60	59	61	86	119	58	58	68	202	214	302	185	443	386	228	115	168	85	87	630	162	117
11:37:22	44	5	83.5	0.42	1732.9	714.3				76	75	70	78	78	75	69	67	71	73	73	79	255	95	70	69	74	73	72	111	83	64	57	59	66	69	75	82	84	84	84	84	85	85	87	88	87	83	80	79	81	83	100	218	91	111	218	88	83	85	90	87	85	79	75	68	67	64	61	55	48	50	49	45
11:37:46	44	6	132.4	0.76	1758.0	738.7				135	98	94	94	95	94	93	92	92	92	89	86	84	84	84	85	85	80	82	88	90	92	93	93	92	91	89	89	90	90	91	92	90	82	64	56	90	95	95	94	91	94	94	102	119	122	124	134	123	95	401	491	317	594	293	390	170	174	291	165	130	128	128	128
11:41:11	53	1	13.8	0.56	1985.6	945.0				18	18	18	17	15	15	13	11	11	8	9	9	21	11	10	9	9	9	9	9	7	7	7	8	8	8	8	8	9	9	9	10	11	12	14	14	15	18	68	18	17	17	17	18	17	17	16	16	16	15	15	14	16	16	17	16	15	15	15	14	13	13	13	13
11:41:44	53	2	10.5	0.33	1736.0	865.6				14	13	13	14	13	13	11	10	10	9	9	9	8	8	6	6	7	8	8	7	6	6	7	7	6	6	6	6	6	8	8	9	9	9	10	10	10	11	11	12	13	13	13	13	13	13	13	13	13	12	13	12	12	12	12	12	12	12	12	12	17	28	11	11
11:41:58	53	3	8.6	0.76	1681.1	869.9				12	12	12	11	11	10	10	9	8	9	8	8	7	7	6	6	6	5	6	5	5	5	5	5	4	4	4	3	3	3	2	3	3	3	2	3	4	4	5	6	7	7	8	8	8	8	8	9	9	9	10	11	15	33	45	15	12	13	13	12	12	12	11	12
11:42:11	53	4	7.5	0.84	1617.0	862.6				10	10	10	11	36	21	9	8	7	8	6	5	5	4	4	4	4	3	4	4	3	2	2	2	2	2	2	3	4	3	4	3	3	2	3	3	3	4	4	4	4	4	4	4	4	5	5	5	5	6	8	10	12	13	13	13	14	14	14	14	17	23	22	16
11:42:24	53	5	11.8	0.56	1667.6	843.7				10	12	13	12	10	8	8	6	7	6	5	4	5	5	4	4	3	4	4	4	4	4	4	5	5	5	5	5	13	5	7	8	7	7	8	9	10	13	15	15	16	16	16	17	18	19	19	19	20	20	21	20	21	21	22	22	21	21	21	21	20	20	20	20
11:42:38	53	6	10.8	0.47	1708.5	821.1				23	22	20	20	19	17	17	15	14	13	12	10	9	9	6	6	6	7	8	7	6	5	4	4	4	4	4	4	4	3	1	3	5	6	6	8	9	10	10	10	10	11	11	11	10	13	13	14	14	13	13	14	13	14	14	15	15	15	15	16	15	15	14	14
11:45:23	61	1	5.2	0.66	950.5	724.0				8	13	12	11	8	6	4	3	2	2	2	2	2	2	1	0	1	1	2	3	4	3	3	4	4	4	5	6	8	9	9	10	10	9	9	9	9	9	9	9	9	9	9	9	8	7	6	6	6	6	6	5	5	4	4	4	3	2	2	1	1	0	0	0
11:45:37	61	2	2.9	0.77	855.9	730.1				6	6	6	5	4	4	4	3	2	1	1	1	0	0	0	0	0	0	0	0	0	0	0	0	0	0	0	1	1	2	2	3	4	4	5	6	6	6	6	4	4	6	6	6	5	5	2	4	6	7	6	6	5	4	4	3	2	4	4	4	3	2	1	1
11:46:07	61	3	45.9	1.82	1117.7	747.2				8	8	7	6	4	4	3	3	2	1	0	1	0	0	0	1	0	0	1	0	0	1	2	4	3	6	37	6	6	9	10	11	13	12	14	14	14	14	17	18	20	16	15	15	14	17	18	21	28	32	51	89	80	85	111	124	178	302	265	241	345	338	151	125
11:46:30	61	4	103.2	1.39	807.0	743.0				12	11	10	10	10	13	7	7	6	4	4	3	3	2	1	1	1	1	1	0	0	0	1	1	1	2	3	4	6	9	11	11	19	24	28	32	31	42	51	57	60	64	73	89	95	85	96	185	211	233	255	270	286	299	327	342	358	370	389	398	398	415	429	435
11:46:44	61	5	5.5	0.95	832.1	758.8				12	10	7	4	2	1	0	0	0	0	0	0	0	0	0	0	0	0	0	1	2	2	3	2	4	5	6	8	9	11	13	13	12	12	12	13	15	15	15	15	15	13	12	12	11	10	10	9	7	6	6	5	4	3	3	2	1	1	1	1	0	0	0	0
11:47:00	61	6	6.6	0.85	854.6	797.9				23	22	21	18	15	12	8	4	2	0	1	1	1	1	1	1	1	1	0	0	0	0	0	0	1	1	3	3	0	2	1	1	2	4	7	8	8	8	9	6	9	9	9	9	10	9	8	9	9	10	8	9	9	9	9	9	10	9	9	9	9	10	12	14
11:47:35	62	1	19.8	0.51	852.8	818.6				44	46	44	43	43	41	40	39	37	36	32	28	23	19	16	15	13	12	12	11	11	12	13	13	13	11	10	10	11	10	11	11	12	12	12	12	13	14	14	14	15	16	16	17	17	17	18	19	20	20	20	18	16	20	20	19	19	19	20	18	18	18	19	19
11:47:58	62	2	23.4	0.43	945.0	913.8				13	13	13	13	13	12	12	12	12	13	13	12	13	15	15	17	18	18	19	19	19	19	20	20	19	20	19	19	17	16	16	16	18	17	19	19	14	15	24	23	21	23	30	31	33	34	35	36	36	37	38	37	37	37	40	41	40	39	40	38	37	37	36	35
11:49:00	62	3	63.7	0.42	1628.6	1011.5				24	28	31	36	28	25	22	22	23	37	93	33	28	28	26	26	28	28	31	34	34	34	32	57	89	63	69	76	76	91	81	102	103	96	89	85	82	80	79	80	86	95	104	89	83	83	83	82	80	78	78	75	75	75	75	73	76	75	104	95	82	83	62	57
11:49:12	62	4	58.8	0.70	1186.7	991.4				22	20	25	23	23	42	25	25	26	31	80	36	35	34	36	39	40	37	33	34	36	38	32	22	27	34	36	29	21	21	27	33	35	37	45	46	45	48	54	54	55	54	55	59	65	64	68	70	70	78	87	84	119	147	149	113	97	96	101	126	106	116	200	197
11:49:56	62	5	16.1	0.45	844.9	808.9				9	11	9	10	11	11	11	10	10	10	9	9	7	10	11	10	10	10	9	9	10	13	13	14	14	13	12	12	12	12	12	11	10	11	9	11	11	14	15	17	14	15	19	24	26	27	28	29	28	28	28	28	29	28	27	26	27	25	26	25	22	22	20	20
11:50:06	62	6	14.9	0.44	815.6	789.9				20	19	19	18	15	13	10	8	9	8	8	7	6	7	8	8	8	7	8	8	9	10	10	10	10	11	12	12	12	13	14	14	15	14	14	13	12	12	10	11	11	11	11	12	12	14	15	17	19	20	22	22	24	25	26	26	27	28	27	27	26	26	27	27
11:53:48	58	1	74.3	0.21	997.5	898.6				52	57	55	56	56	55	55	55	54	51	45	45	50	56	63	65	55	66	65	70	75	76	50	60	78	81	81	77	55	78	82	85	87	89	88	86	81	77	74	75	77	83	88	87	87	83	81	86	89	90	94	94	97	103	103	98	93	90	89	87	81	78	80	66
11:54:12	58	2	84.5	0.24	968.8	910.8				61	61	61	62	64	67	69	71	67	67	64	59	54	52	53	56	68	73	73	71	73	74	77	80	80	82	83	84	86	85	83	82	83	82	79	77	77	78	73	71	72	68	76	86	100	105	107	110	116	115	111	108	113	115	115	117	110	112	108	110	114	118	122	125
11:54:47	58	3	99.3	0.18	958.4	891.9				71	70	67	69	70	68	65	73	76	77	78	80	85	88	90	93	93	93	100	100	102	107	106	99	63	87	89	93	96	95	88	90	99	110	113	114	117	119	120	120	120	121	120	121	124	124	122	123	120	117	118	114	107	107	109	106	106	107	108	109	105	105	106	104
11:54:56	58	4	83.3	0.30	989.5	895.5				117	119	118	124	130	119	117	115	112	104	112	107	106	107	105	105	101	74	85	82	76	78	81	85	86	90	88	89	87	91	98	91	93	94	94	95	99	96	93	89	85	87	75	65	59	54	58	60	58	60	58	58	62	60	62	63	61	55	53	51	52	44	27	14
11:55:09	58	5	127.4	0.79	1360.0	909.6				104	111	118	133	221	382	401	416	168	334	155	97	180	140	104	112	295	188	87	95	104	105	68	60	52	41	32	51	59	44	43	47	44	40	37	39	43	37	43	131	76	70	71	73	73	75	76	80	77	80	91	186	138	99	106	106	109	110	101	198	430	418	183	171
11:55:19	58	6	113.1	0.64	2240.1	940.7				84	78	64	47	48	83	68	45	41	33	42	45	287	96	58	50	62	263	329	72	68	72	75	80	82	84	92	235	122	100	87	71	96	99	87	139	343	370	127	237	142	123	120	118	120	115	106	103	93	83	90	92	96	99	96	93	100	238	134	103	99	102	105	110
11:56:01	57	1	157.6	2.06	2257.8	898.6				27	30	30	30	30	29	28	27	26	26	24	23	22	21	23	23	19	20	22	22	21	19	20	19	15	16	16	17	20	22	24	75	41	31	36	39	40	42	45	47	51	53	56	61	67	73	76	81	91	113	105	121	126	149	174	714	229	177	443	1388	1222	1014	1281	1121
11:56:09	57	2	60.2	2.00	1643.8	866.9				20	21	20	19	19	16	18	17	16	41	42	17	16	17	17	16	16	15	16	15	16	16	16	17	16	17	18	18	16	13	18	17	23	27	31	49	66	33	33	35	35	29	30	32	32	33	34	36	37	38	43	59	56	53	56	67	63	68	69	82	334	423	657	605
11:56:31	57	3	19.8	0.59	1987.5	869.9				52	50	48	46	45	43	41	39	37	35	32	27	24	24	18	21	22	21	18	16	13	9	7	6	6	7	7	8	8	9	9	10	29	10	10	12	18	11	12	12	13	13	13	14	16	16	15	16	17	17	18	19	17	18	19	19	19	18	18	18	17	17	17	16
11:56:40	57	4	21.5	0.33	2282.9	881.5				31	29	26	23	21	16	19	19	19	20	18	15	15	15	14	12	10	9	9	8	9	9	10	10	11	13	13	15	16	17	19	20	21	21	22	23	24	25	27	28	29	29	29	29	30	29	29	29	29	29	28	28	28	29	29	29	28	27	27	27	23	26	28	29
11:56:52	57	5	28.2	1.17	2263.9	892.5				22	22	26	34	23	21	17	18	14	15	13	39	17	15	16	14	12	11	10	8	10	11	11	12	12	12	14	14	12	12	14	14	15	16	17	19	19	20	20	21	22	23	23	22	23	24	25	27	30	120	35	34	102	40	32	34	34	33	32	42	240	88	30	29
11:57:05	57	6	18.3	0.16	2254.8	895.5				22	22	23	24	24	24	23	20	20	20	19	18	18	15	14	12	12	11	13	14	14	13	15	15	16	18	19	20	21	22	22	22	21	20	20	20	19	19	18	17	16	17	18	18	19	19	18	19	19	19	19	19	18	17	18	18	17	17	18	18	17	18	18	17
11:58:17	56	1	28.7	0.18	1139.7	905.9				40	35	32	33	32	30	25	24	24	22	19	23	28	27	28	26	23	24	26	27	26	22	17	18	19	22	21	23	22	23	24	27	27	30	32	31	32	33	33	33	33	33	34	36	37	37	33	33	32	31	31	31	31	32	32	32	32	32	32	31	30	30	30	31
11:58:25	56	2	35.9	0.26	1807.4	917.5				56	49	46	47	47	45	41	47	39	36	35	33	31	26	26	25	28	27	26	26	27	28	30	28	27	27	31	32	32	30	29	34	90	33	26	29	32	33	34	34	35	35	35	35	35	35	36	38	38	37	38	38	39	46	39	39	38	39	39	39	37	37	37	35
11:58:33	56	3	26.6	0.26	1025.5	899.8				34	33	32	32	32	31	29	28	26	23	18	19	21	20	18	20	19	18	18	19	19	20	21	23	23	23	24	25	24	20	22	22	20	18	19	19	18	17	19	23	26	26	26	28	28	30	31	32	32	34	35	35	36	37	39	38	38	37	36	35	35	35	36	36
11:58:44	56	4	30.3	0.19	994.4	883.9				45	43	41	42	40	37	35	32	29	27	27	28	28	25	25	24	23	23	24	24	26	26	26	26	26	24	24	24	25	45	28	25	25	25	25	24	24	27	36	32	32	35	30	29	29	27	26	29	31	34	35	33	34	38	38	36	36	35	34	33	31	34	31	28
11:59:06	56	5	42.9	0.61	1123.2	865.6				21	23	24	26	27	27	26	24	25	26	28	28	29	27	22	38	28	30	34	34	32	33	30	28	23	25	35	32	50	37	35	59	42	36	45	41	37	37	35	33	32	30	30	32	33	34	44	52	53	55	55	33	71	62	81	74	73	26	164	124	70	36	85	124
11:59:21	56	6	52.6	0.51	924.8	849.8				35	34	32	30	29	29	29	32	31	28	29	31	29	32	31	29	29	30	33	33	37	37	38	35	36	34	33	36	41	54	40	32	31	33	30	29	38	42	49	46	46	48	52	58	60	71	94	99	82	76	80	80	85	85	87	88	93	99	103	105	104	101	102	106
12:02:37	48	1	2.4	0.94	1870.3	891.9				9	8	6	5	3	2	2	1	0	0	0	0	0	0	0	0	0	0	0	0	0	0	0	0	0	0	0	0	0	1	0	0	1	2	5	5	4	6	4	4	4	5	5	5	5	5	5	5	4	4	4	3	3	3	3	3	3	3	3	3	3	2	3	1
12:02:47	48	2	4.8	0.88	1862.3	880.9				13	11	7	3	1	2	1	1	1	1	1	0	0	0	0	0	0	0	0	0	2	0	0	0	0	0	0	1	1	0	4	4	7	9	10	10	11	11	10	10	9	8	18	10	10	9	8	8	7	7	7	6	7	7	6	6	6	6	6	6	5	5	5	4
12:03:15	48	3	1.7	1.65	1829.4	835.1				0	0	0	0	0	0	0	0	0	0	0	0	0	0	0	0	0	0	0	0	0	0	0	0	0	0	0	0	0	0	0	0	0	0	0	0	0	0	0	0	0	0	0	0	0	1	2	3	6	4	5	5	6	6	6	6	7	7	7	8	7	7	8	8
12:03:32	48	4	1.3	1.24	846.1	771.0				0	0	0	0	0	0	0	0	0	0	0	0	0	0	0	0	0	0	0	0	0	0	0	0	0	0	0	0	0	0	0	0	0	1	1	1	1	1	2	2	2	1	2	3	4	4	3	3	5	2	4	5	4	4	5	4	4	3	3	3	2	2	2	1
12:03:59	48	5	0.2	3.39	954.7	741.7				4	3	2	2	1	1	0	0	0	0	0	0	0	0	0	0	0	0	0	0	0	0	0	0	0	0	0	0	0	0	0	0	0	0	0	0	0	0	0	0	0	0	0	0	0	0	0	0	0	0	0	0	0	0	0	0	0	0	0	0	0	0	0	0
12:04:14	48	6	3.3	1.44	1394.2	774.7				3	3	3	2	2	0	0	0	0	0	0	0	0	0	0	0	0	0	0	0	0	0	0	0	0	0	0	0	0	1	1	2	2	10	35	4	4	4	5	5	5	6	6	7	7	7	6	6	6	4	4	5	4	5	5	5	5	5	5	5	4	6	5	5
