Created by SunData for Windows Mobile v2.0.0.1
	
Title     :	lai index 2012
Location  :	Cae Canol
	
2014-09-02		
SunScan probe v1.02R (C) JGW 2004/01/19
	
Ext Sensor: BFS
Group   1 :	
	
Time	cae canol 	Sample	PAR	Spread	Total	Diffuse			Notes	1	2	3	4	5	6	7	8	9	10	11	12	13	14	15	16	17	18	19	20	21	22	23	24	25	26	27	28	29	30	31	32	33	34	35	36	37	38	39	40	41	42	43	44	45	46	47	48	49	50	51	52	53	54	55	56	57	58	59	60	61	62	63	 tip 64
	
11:25:55	40	1	113.4	1.43	1357.0	220.5				62	37	37	40	189	301	43	210	160	118	35	33	33	32	31	31	53	477	376	43	32	31	35	30	29	32	125	54	31	28	28	27	31	58	25	22	22	24	44	21	21	22	22	22	60	24	50	499	711	237	411	631	128	105	619	103	42	209	80	32	31	40	60	32
11:26:25	40	2	52.8	1.32	1362.5	220.5				26	31	72	49	27	36	27	29	153	243	78	28	26	25	24	22	21	21	21	20	30	36	87	83	39	28	53	25	61	43	20	20	21	22	37	24	20	21	30	60	23	23	25	24	23	23	23	24	23	110	24	23	25	32	42	37	298	439	42	60	39	49	36	175
11:26:52	40	3	346.7	1.00	1364.9	222.3				327	79	168	652	141	263	911	1052	667	140	327	412	191	70	190	81	58	56	57	56	54	52	47	41	36	42	64	112	499	954	740	293	859	984	499	96	67	69	100	68	68	103	79	199	95	74	74	76	97	523	821	393	480	1128	1140	1124	1115	670	250	84	361	630	389	647
11:27:10	40	4	244.8	0.82	1369.2	223.5				54	194	345	636	173	254	94	207	78	53	272	170	361	566	85	77	148	79	77	491	476	683	437	236	232	291	92	178	76	77	67	66	176	398	226	80	103	115	151	435	737	660	173	126	722	777	522	88	63	81	64	56	56	135	54	50	156	171	264	400	294	369	132	510
11:27:17	40	5	183.7	1.17	1367.3	222.3				60	116	203	134	70	75	112	53	45	45	120	361	75	54	53	61	304	159	56	53	66	426	116	71	193	181	86	61	87	378	927	968	524	102	272	288	140	457	169	394	747	300	165	766	533	93	66	59	113	59	126	58	55	55	53	51	49	49	73	41	37	39	31	27
11:27:47	40	6	278.5	1.03	1375.3	223.5				30	92	186	41	34	35	35	37	38	53	221	47	36	57	283	459	422	234	736	1032	264	176	72	65	228	83	396	499	751	938	558	84	398	795	128	71	125	524	71	62	242	60	56	63	54	56	212	96	93	109	708	1056	244	394	436	423	100	222	154	605	90	178	1089	693
11:35:31	39	1	0.0	0.00	1419.2	223.5				0	0	0	0	0	0	0	0	0	0	0	0	0	0	0	0	0	0	0	0	0	0	0	0	0	0	0	0	0	0	0	0	0	0	0	0	0	0	0	0	0	0	0	0	0	0	0	0	0	0	0	0	0	0	0	0	0	0	0	0	0	0	0	0
11:35:43	39	2	0.2	7.39	1417.4	223.5				0	0	0	0	0	0	0	0	0	0	0	0	0	0	0	0	0	0	0	0	0	0	0	0	0	0	0	0	0	0	0	0	0	0	0	0	0	0	0	0	0	0	0	0	0	0	0	0	0	0	0	0	0	0	0	0	0	0	0	1	15	0	0	0
11:36:04	39	3	0.0	7.94	1432.0	227.8				0	0	0	0	0	0	0	0	0	0	0	0	0	0	0	0	0	0	0	0	0	0	0	0	0	0	0	0	0	0	0	0	0	0	0	0	0	0	0	0	0	0	0	0	0	0	0	0	0	0	0	0	0	0	0	0	0	0	0	0	0	0	0	0
11:36:22	39	4	0.0	7.94	1441.8	227.8				0	0	0	0	0	0	0	0	0	0	0	0	0	0	0	0	0	0	0	0	0	0	0	0	0	0	0	0	0	0	0	0	0	0	0	0	0	0	0	0	0	0	0	0	0	0	0	0	0	0	0	0	0	0	0	0	0	0	0	0	0	0	0	0
11:36:40	39	5	40.5	2.05	1441.8	226.6				1	1	1	1	1	3	91	118	16	2	1	1	2	2	2	2	3	4	91	20	3	2	3	11	20	7	11	7	7	7	7	8	7	8	9	21	226	140	13	38	74	11	17	12	13	18	32	87	48	28	19	44	129	353	180	495	22	14	15	15	11	12	12	12
11:36:52	39	6	38.3	3.43	1449.1	226.6				2	2	2	2	2	1	1	1	1	1	1	1	1	1	1	1	1	0	1	0	1	26	66	21	2	2	2	2	2	2	2	3	27	53	5	3	2	3	3	3	4	5	6	6	13	12	7	14	7	6	7	11	83	19	12	27	12	53	264	87	139	93	331	981
11:40:26	42	1	44.4	1.96	1452.8	244.3				10	11	10	10	10	10	10	10	11	12	13	13	14	14	14	37	23	14	40	14	15	14	14	14	16	64	171	31	17	17	17	26	17	17	19	32	21	19	19	27	77	17	42	30	27	72	24	212	624	224	42	22	14	14	17	34	17	17	26	198	143	20	18	29
11:40:37	42	2	44.4	2.78	1454.0	245.5				13	15	13	12	12	11	11	11	11	12	12	13	13	13	13	12	13	13	13	13	13	13	13	13	13	13	13	13	14	13	13	14	13	13	14	13	13	13	17	31	13	13	14	14	37	46	23	18	17	17	21	68	251	817	569	57	20	17	16	17	17	19	91	116
11:40:48	42	3	15.7	1.70	1458.3	247.3				11	10	10	9	9	8	8	8	8	23	12	30	9	8	8	7	8	8	8	8	8	8	19	9	8	8	17	47	9	19	17	33	14	213	55	21	10	9	8	8	8	8	8	8	8	8	9	37	35	10	16	10	8	9	8	8	8	8	8	8	8	7	7	7
11:41:07	42	4	13.9	1.27	1452.2	247.3				6	6	6	5	6	6	6	10	88	124	12	7	7	8	8	7	8	8	8	14	24	8	8	8	9	11	12	9	26	34	11	7	10	9	10	13	9	9	9	9	8	8	8	9	10	10	12	16	13	20	13	13	12	12	12	13	12	12	13	14	15	14	14	14
11:41:34	42	5	126.6	1.50	1458.9	249.8				14	14	14	14	13	13	13	13	12	12	13	40	197	189	255	82	17	17	47	337	678	167	299	69	220	405	68	307	183	29	59	59	33	28	26	26	26	25	24	23	21	21	23	25	22	25	30	112	598	459	915	651	132	197	453	77	38	35	33	30	29	30	32	32
11:41:42	42	6	94.3	1.53	1463.8	250.4				14	17	19	16	17	63	23	15	15	16	15	15	15	15	16	16	16	16	17	18	19	44	259	293	182	49	79	451	80	52	52	193	295	31	27	54	604	147	32	281	45	24	23	22	21	20	20	44	113	131	77	47	81	236	768	407	54	37	39	35	42	39	52	66
11:43:28	46	1	12.6	2.79	1451.0	256.5				2	2	1	1	0	0	0	0	1	0	0	0	0	0	0	0	0	3	0	0	0	1	1	1	1	2	5	156	17	3	2	2	2	3	3	3	3	6	3	3	4	4	5	11	17	29	39	53	211	116	6	4	4	4	5	4	7	37	5	4	4	3	4	3
11:43:50	46	2	1.7	1.37	1461.3	261.4				0	0	0	0	0	0	0	0	0	0	0	0	0	0	0	0	0	0	0	0	0	0	0	0	0	0	0	0	0	1	1	2	2	2	2	2	2	3	3	3	3	3	3	3	3	3	3	3	3	3	3	3	3	4	4	16	8	4	4	4	3	2	2	2
11:45:24	46	3	23.5	2.06	1463.8	267.5				8	17	17	9	4	3	3	3	4	4	4	4	4	4	4	4	4	4	4	4	3	4	4	5	6	7	7	8	8	9	9	10	10	12	49	26	131	293	39	86	15	31	239	19	15	16	15	15	14	14	24	13	13	28	13	25	27	8	12	62	38	6	4	2
11:45:47	46	4	42.5	2.25	1441.8	272.4				5	5	5	5	4	4	4	4	4	4	4	3	4	3	3	6	4	3	4	5	6	4	4	4	3	2	3	3	4	7	7	7	8	54	14	12	11	11	12	15	102	48	21	15	17	20	84	216	367	70	21	18	52	44	83	93	614	243	24	20	18	161	86	15
11:46:20	46	5	9.0	4.53	1505.3	284.6				7	6	6	5	4	3	3	3	3	2	2	1	1	1	1	1	1	0	1	1	0	0	0	0	0	0	0	0	0	0	0	0	1	0	1	1	1	1	1	1	1	2	2	5	40	5	33	318	82	4	2	1	2	2	1	1	1	2	2	2	1	2	2	2
11:46:35	46	6	3.6	1.31	1502.8	288.2				0	0	0	0	0	0	0	0	0	0	0	0	0	0	0	0	0	0	0	0	0	0	0	0	0	1	1	1	1	1	1	1	2	2	2	3	4	4	4	4	4	5	5	6	6	7	11	30	9	7	8	7	8	8	8	8	8	8	9	8	8	8	8	8
11:48:15	51	1	203.2	1.46	1512.0	269.3				1116	1001	533	726	1158	1169	645	826	412	95	215	326	131	40	51	165	65	51	279	153	40	36	35	31	29	38	40	26	26	29	43	63	252	140	710	188	41	79	78	36	36	42	43	42	44	105	49	50	292	168	134	226	122	71	49	47	47	47	47	46	46	48	48	46
11:48:42	51	2	206.2	1.57	1523.0	272.4				34	32	30	28	30	32	36	35	33	34	34	33	33	32	33	73	72	314	67	380	336	479	181	91	44	39	41	48	52	41	36	34	33	33	35	40	38	140	107	82	33	30	34	35	35	37	41	83	652	982	559	106	455	401	185	66	55	68	349	976	1199	1112	1193	1186
11:48:58	51	3	129.2	1.23	1532.1	270.5				39	39	38	39	39	37	34	35	37	37	40	40	97	43	36	36	37	38	40	48	407	647	725	534	291	489	452	52	53	138	215	192	129	83	58	52	139	78	47	79	127	46	44	43	43	52	136	127	68	467	225	280	72	42	93	303	85	40	39	40	43	39	51	78
11:49:41	51	4	285.8	0.92	1532.7	260.8				73	41	63	114	223	105	93	437	295	105	206	38	63	389	597	608	566	258	210	488	368	422	1045	1145	518	676	284	191	207	115	266	100	48	149	202	143	45	55	544	731	346	565	421	213	58	143	137	140	171	866	859	755	339	328	126	212	55	49	47	54	44	45	47	53
11:49:58	51	5	116.4	1.30	1534.0	257.7				27	29	33	47	116	41	127	122	60	254	926	349	45	39	48	285	364	130	52	90	46	42	42	41	41	69	68	57	46	57	120	39	37	35	33	18	30	32	32	28	27	46	73	55	66	110	357	58	64	82	247	127	214	70	99	39	48	64	67	527	442	385	49	33
11:50:11	51	6	164.7	1.31	1532.1	257.7				45	31	29	33	32	32	32	33	33	33	38	58	32	33	45	36	118	45	33	33	31	32	44	37	29	26	29	37	79	142	72	30	27	27	30	143	194	106	264	348	481	153	325	915	643	144	87	34	35	102	444	142	56	240	458	405	188	373	915	780	123	37	408	523
11:51:18	50	1	7.2	2.02	1545.0	260.8				5	4	3	9	11	21	3	3	2	6	2	1	2	1	1	2	2	9	7	2	1	2	2	2	2	2	2	3	3	3	4	3	3	4	4	4	16	117	6	3	3	2	3	5	5	6	6	6	6	2	2	4	4	6	6	6	6	10	13	15	16	16	17	17
11:51:28	50	2	4.0	2.76	1540.7	261.4				1	1	1	0	0	0	0	0	1	1	1	1	1	2	3	1	1	1	1	4	84	35	4	2	5	4	2	2	2	2	11	7	2	2	2	2	1	1	1	1	1	1	1	1	1	1	1	1	1	5	4	3	3	3	4	4	4	4	4	4	4	4	4	3
11:51:52	50	3	3.3	0.74	1546.8	263.8				5	4	4	1	0	0	0	1	0	0	0	0	0	1	1	0	0	0	0	0	0	0	0	1	1	1	2	2	3	3	4	5	4	4	4	4	5	5	5	6	5	5	5	5	5	5	5	5	5	5	5	5	5	6	5	5	6	6	7	7	7	7	8	8
11:52:03	50	4	3.0	0.85	1543.7	263.8				2	2	2	1	1	1	1	1	1	1	0	0	0	0	0	0	0	1	1	0	0	0	0	0	3	7	1	2	2	3	3	3	3	4	4	4	4	4	4	4	4	4	4	6	6	8	5	5	5	5	5	5	5	5	5	5	15	5	6	4	4	3	3	3
11:52:16	50	5	5.6	1.70	1546.8	264.4				7	1	1	1	0	0	0	0	0	0	0	0	0	0	0	0	0	0	0	0	0	0	1	1	1	2	3	24	67	4	4	4	4	4	4	4	4	4	4	4	4	5	5	5	4	5	5	5	6	6	7	7	8	8	7	8	8	8	7	8	12	28	17	21
11:52:32	50	6	7.6	3.24	1543.7	264.4				10	10	9	9	7	6	2	3	2	1	2	2	1	1	0	0	1	1	1	2	2	2	2	3	4	14	178	96	20	4	4	4	4	4	4	4	4	4	4	4	4	4	4	4	5	3	3	3	3	2	2	2	2	1	1	1	1	1	1	1	1	1	1	1
11:55:48	48	1	0.2	3.97	1469.9	241.9				5	4	2	2	1	0	0	0	0	0	0	0	0	0	0	0	0	0	0	0	0	0	0	0	0	0	0	0	0	0	0	0	0	0	0	0	0	0	0	0	0	0	0	0	0	0	0	0	0	0	0	0	0	0	0	0	0	0	0	0	0	0	0	0
11:55:57	48	2	0.1	7.94	1469.9	241.9				0	0	0	0	0	0	0	0	0	0	0	0	0	0	0	0	0	0	0	0	0	0	0	0	0	0	0	0	0	0	0	0	0	0	0	0	0	0	0	0	0	0	0	0	0	0	4	0	0	0	0	0	0	0	0	0	0	0	0	0	0	0	0	0
11:56:06	48	3	5.8	4.74	1466.8	240.6				0	0	0	0	0	0	0	0	0	0	0	0	0	0	0	0	0	0	0	0	0	0	0	0	0	0	0	0	0	0	0	0	0	0	0	0	0	0	0	0	0	0	0	0	0	0	0	1	11	3	3	72	204	6	6	57	1	1	2	1	1	1	1	1
11:56:20	48	4	0.1	4.28	1465.0	240.6				1	1	0	0	0	0	0	0	0	1	0	0	0	0	0	0	0	0	0	0	0	0	0	2	0	0	0	0	0	0	0	0	0	0	0	0	0	0	0	0	0	0	0	0	0	0	0	0	0	0	0	0	0	0	0	0	0	0	0	0	0	0	0	0
11:56:54	48	5	5.3	5.15	1455.2	237.6				1	1	0	0	0	0	0	0	0	0	0	0	0	0	0	0	0	0	0	0	0	0	0	0	0	0	0	0	0	0	0	0	0	0	0	0	0	0	0	0	0	0	0	0	0	0	0	0	0	0	0	0	1	11	8	183	125	9	0	0	0	0	0	0
11:57:06	48	6	1.0	1.62	1455.8	237.6				4	3	3	3	3	2	1	1	0	0	0	0	0	0	0	0	0	0	0	0	0	11	2	0	0	0	0	0	0	0	1	1	1	0	1	1	1	1	1	1	1	1	1	1	1	1	1	1	1	1	1	1	1	1	1	1	1	1	1	1	0	0	0	0
12:00:26	56	1	7.5	0.57	1466.8	255.3				6	5	6	6	6	6	6	5	6	6	6	10	6	6	5	5	5	5	5	6	6	6	6	7	7	7	7	7	8	8	8	8	8	8	8	8	8	8	11	10	8	8	8	8	7	7	7	7	7	6	6	6	5	5	5	5	5	7	8	8	8	18	32	24
12:00:38	56	2	20.5	2.60	1463.2	256.5				6	6	6	6	6	6	5	5	4	4	5	4	4	5	5	6	5	6	6	5	5	4	4	5	4	5	7	5	6	6	6	6	8	8	9	9	9	9	9	12	86	307	296	60	11	9	9	9	9	9	10	10	10	10	11	11	11	11	22	103	29	11	11	11
12:00:44	56	3	29.1	2.66	1461.9	256.5				4	4	4	4	4	4	5	7	7	22	22	6	5	5	5	5	7	6	5	7	5	5	7	5	5	6	6	9	6	6	6	5	5	6	6	8	8	8	8	8	8	9	9	11	10	14	13	137	504	128	86	13	10	10	11	10	10	10	11	11	17	264	259	33
12:00:53	56	4	7.9	0.65	1460.1	255.3				7	6	4	5	5	6	5	5	4	4	3	3	4	6	25	27	20	6	6	6	6	6	8	7	5	5	5	5	6	6	6	6	11	7	10	6	6	6	6	7	7	7	7	8	8	8	7	8	8	8	7	7	7	8	10	30	11	17	10	9	9	9	9	9
12:01:08	56	5	252.7	1.40	1460.1	256.5				43	360	412	100	670	461	638	61	41	35	97	52	30	28	26	26	26	30	26	25	25	26	26	27	30	141	383	412	711	174	190	232	253	44	287	440	45	35	26	31	34	34	35	36	36	36	46	192	38	48	40	33	40	242	1070	123	60	405	1135	1127	1159	1163	1168	1147
12:01:21	56	6	219.5	1.41	1461.3	256.5				15	15	16	21	68	386	49	22	38	18	23	25	74	844	992	1024	962	573	972	129	54	708	242	437	81	42	69	73	46	35	80	39	35	35	39	73	47	39	38	38	39	61	57	97	230	85	70	51	51	67	286	61	345	86	77	359	277	164	61	69	95	919	1136	796
12:02:12	57	1	70.0	2.26	1468.0	258.3				30	22	4	4	4	3	4	5	4	4	4	4	4	4	4	4	3	3	10	6	14	16	4	6	7	8	9	10	10	10	10	12	13	13	14	14	15	16	16	17	17	17	20	69	18	24	37	41	70	20	26	29	73	547	94	35	185	727	563	52	120	431	232	668
12:02:25	57	2	224.5	1.46	1466.8	258.3				3	3	2	2	2	2	2	5	11	2	4	4	3	3	2	3	4	4	6	6	16	9	16	117	86	15	49	137	72	16	14	16	20	116	971	897	127	200	146	41	656	889	657	1195	1012	435	647	225	546	229	614	71	46	45	245	404	82	377	465	67	156	114	1145	890
12:02:42	57	3	0.5	0.73	1466.8	258.3				1	1	1	1	1	1	1	1	0	0	0	0	0	0	0	0	0	0	0	0	0	0	0	0	0	0	0	0	0	0	0	0	0	0	0	0	0	1	1	1	1	1	1	1	1	1	1	1	1	1	1	1	1	1	1	1	1	1	1	1	1	1	1	0
12:02:55	57	4	1.5	1.70	1466.8	260.8				0	0	0	0	0	0	0	2	0	0	0	0	0	0	0	0	0	0	0	0	0	0	0	0	0	1	1	1	1	1	1	1	1	1	1	2	2	2	1	1	2	1	2	2	2	2	2	2	2	2	2	2	2	2	2	2	2	2	2	3	2	3	6	20
12:03:19	57	5	2.6	1.63	1468.0	261.4				1	1	2	35	7	2	1	1	1	1	1	0	1	1	1	1	1	1	1	1	1	1	1	1	1	1	1	2	1	1	1	1	1	1	2	2	2	2	2	2	2	2	2	3	3	3	3	3	3	3	3	3	3	4	4	4	4	4	4	4	4	4	5	4
12:03:31	57	6	3.5	3.31	1469.3	261.4				1	0	0	0	0	0	1	1	0	0	0	1	0	0	1	1	5	1	1	1	1	1	1	1	1	1	1	0	0	2	0	0	1	1	1	1	1	1	1	1	4	17	2	2	2	2	2	2	2	2	2	2	2	3	3	3	4	84	45	4	3	3	2	2
12:04:50	58	1	370.1	0.96	1463.2	258.3				188	126	152	143	1027	177	99	68	128	952	275	413	566	1252	973	980	111	117	108	85	436	396	262	105	187	443	842	269	114	1052	1242	713	643	580	756	1200	380	99	769	219	432	69	165	239	69	61	59	115	217	391	66	81	707	1124	352	143	140	64	116	55	49	52	228	48
12:05:07	58	2	291.0	1.00	1463.8	261.4				35	58	270	348	346	102	682	354	61	65	121	90	68	42	66	210	67	60	48	49	45	47	69	311	683	377	680	667	93	28	143	750	430	963	1095	920	305	124	416	1043	628	706	551	270	75	232	305	148	88	131	96	82	83	87	96	284	810	798	185	81	76	75	84	319
12:06:14	58	3	45.9	1.25	1472.3	273.6				13	13	17	17	17	17	17	16	16	16	14	13	13	13	13	13	13	21	16	19	19	21	23	24	39	71	26	35	32	27	60	34	61	68	28	27	29	77	96	79	43	36	31	31	30	31	33	35	40	109	211	46	44	39	38	37	37	39	54	330	306	76	40	41
12:06:27	58	4	38.3	2.17	1472.9	272.4				25	26	25	25	24	18	21	28	18	19	20	20	21	24	19	19	36	17	15	15	22	10	11	11	11	12	12	12	10	10	12	13	13	13	14	14	14	14	14	12	11	18	19	19	19	19	19	19	19	19	18	18	17	17	17	17	21	216	522	364	71	17	24	246
12:06:45	58	5	227.1	1.16	1469.3	269.3				68	111	133	85	73	29	27	29	31	43	189	131	29	26	26	28	82	33	32	32	62	37	33	34	37	52	95	93	525	556	360	524	1070	321	56	70	420	329	209	151	939	1154	356	756	819	181	70	283	82	64	434	267	626	132	204	444	90	396	68	127	57	138	409	176
12:06:57	58	6	56.7	1.12	1469.9	267.5				32	32	32	33	31	35	76	44	30	30	29	27	26	26	26	25	25	24	22	20	19	37	32	31	29	27	24	24	83	54	31	55	456	108	109	106	72	41	40	39	40	35	29	20	12	98	269	93	53	51	55	168	75	59	53	52	53	54	54	53	55	55	53	50
12:09:36	62	1	57.8	1.96	1537.0	302.3				31	30	29	22	38	31	78	139	81	92	121	23	20	19	18	18	18	18	18	18	17	17	17	16	15	15	15	16	27	20	17	17	16	17	17	17	17	17	17	17	18	25	18	18	18	17	18	19	19	20	23	44	44	519	743	131	53	231	147	25	26	110	154	55
12:10:04	62	2	22.9	0.68	1534.0	294.3				17	17	17	19	17	15	17	17	17	17	17	12	13	14	14	16	17	17	18	18	17	17	15	13	15	16	15	15	16	21	14	12	13	15	18	21	23	24	25	25	25	26	25	22	19	27	28	29	28	33	45	28	29	92	113	28	26	26	26	26	25	24	24	22
12:12:06	62	3	217.2	1.31	1512.0	289.5				22	405	59	14	12	12	10	10	10	11	6	4	68	73	7	20	155	431	567	107	20	16	15	16	22	57	26	37	28	33	200	395	48	50	507	129	195	99	38	78	514	571	405	177	338	52	37	673	1193	1015	78	48	218	1013	492	66	299	158	193	105	78	481	930	751
12:12:12	62	4	46.3	1.12	1510.8	291.3				16	28	27	17	14	13	13	13	13	13	19	17	70	67	17	15	15	15	13	12	11	11	11	12	12	13	15	31	22	84	180	187	246	62	160	59	27	55	32	24	24	26	91	209	59	111	33	26	26	26	29	60	35	160	73	38	30	36	35	28	27	26	27	49
12:12:25	62	5	11.8	0.73	1513.8	294.3				6	6	6	5	6	6	5	4	4	4	5	5	5	5	5	4	5	5	6	6	7	7	7	13	10	7	7	8	8	9	10	11	10	18	35	15	16	51	39	15	14	15	15	15	15	14	14	14	14	13	13	13	13	14	14	13	13	13	13	13	29	33	10	7
12:12:32	62	6	10.1	0.52	1516.9	295.6				5	6	6	6	5	5	4	4	3	2	3	4	4	5	5	6	8	7	7	7	7	7	7	6	5	6	6	5	6	7	8	8	7	7	6	7	8	10	11	12	13	14	15	15	15	15	16	16	17	17	17	17	17	17	17	17	17	17	17	17	17	17	19	19
12:13:35	61	1	2.0	0.80	1515.0	300.4				6	5	4	2	1	1	1	1	1	1	1	0	0	0	1	1	1	1	1	1	2	2	2	2	2	2	2	2	3	3	3	3	3	3	3	3	3	3	3	3	3	3	3	3	3	3	3	2	2	4	10	2	2	2	1	1	1	0	0	0	0	0	0	0
12:13:44	61	2	2.0	0.80	1513.8	300.4				3	3	3	2	2	1	1	1	1	1	0	0	0	0	0	0	0	0	0	0	0	0	0	0	0	0	1	1	1	1	1	1	1	2	2	2	2	2	2	3	2	3	3	3	3	3	4	4	4	4	4	4	4	4	4	4	6	4	4	4	4	4	4	4
12:13:59	61	3	95.8	2.33	1507.1	300.4				7	7	8	7	6	5	4	3	2	2	1	1	1	1	2	2	2	2	2	2	3	3	3	3	6	7	4	5	6	9	11	13	13	12	14	14	15	15	15	15	21	21	25	21	21	23	25	29	32	37	42	52	275	94	102	391	979	820	964	414	185	131	448	731
12:14:09	61	4	456.5	1.19	1510.2	298.6				4	3	2	2	2	2	2	2	4	2	2	2	2	9	22	3	3	3	4	4	5	6	7	8	9	10	13	16	19	31	278	45	85	206	736	193	87	54	327	828	704	1007	1265	1300	1301	1228	1040	560	662	1164	1341	1239	565	701	759	740	1022	1319	1413	1417	1395	1398	1345	1293
12:14:24	61	5	4.1	1.15	1512.0	298.6				6	4	3	3	3	2	2	1	1	1	1	1	1	1	1	0	1	1	1	0	0	1	2	3	4	6	5	23	13	6	6	6	6	6	6	6	6	3	5	5	5	5	5	5	5	5	4	2	5	30	6	4	4	3	2	3	3	2	1	0	0	4	5	4
12:14:32	61	6	4.7	0.80	1516.3	295.6				9	8	7	6	6	5	4	4	3	3	3	1	1	1	1	1	1	1	1	1	1	1	1	1	1	1	1	1	1	1	1	2	3	5	5	6	6	6	6	6	6	6	6	7	7	7	7	7	7	7	7	7	7	6	6	6	4	3	6	27	7	7	8	8
12:17:05	53	1	1.0	1.59	1527.3	285.8				0	0	0	0	0	0	0	0	0	0	0	0	0	0	0	1	0	1	1	0	1	1	1	1	1	1	1	1	1	1	1	1	1	1	2	2	1	2	1	2	13	2	1	2	2	1	1	1	1	1	1	1	1	1	1	1	1	0	0	0	0	0	0	0
12:17:13	53	2	0.9	1.31	1523.0	285.8				0	0	0	0	0	0	0	0	0	0	0	0	0	0	0	0	0	0	0	0	0	0	0	0	0	0	0	1	5	1	0	1	1	1	1	1	1	1	1	1	1	1	1	1	2	1	1	1	1	1	1	1	1	2	2	2	2	7	3	2	2	2	2	2
12:17:25	53	3	1.3	1.62	1524.8	285.8				1	1	1	1	1	1	1	1	1	1	1	1	1	1	0	0	0	0	0	0	0	0	0	0	0	0	0	0	0	1	1	1	1	1	3	1	1	1	1	1	1	1	2	2	2	2	2	2	2	1	1	0	0	0	1	2	2	2	8	15	2	1	1	0
12:17:33	53	4	9.9	2.67	1521.1	285.8				1	1	1	1	1	0	0	1	1	3	1	0	0	1	1	1	1	1	1	0	0	1	1	2	2	2	3	3	3	3	3	3	3	4	4	4	4	5	5	5	4	5	5	5	6	6	10	196	22	8	8	7	7	8	8	8	10	38	11	11	61	56	14	44
12:17:43	53	5	2.0	3.95	1516.9	285.8				12	3	2	2	1	1	1	0	0	0	0	0	0	0	0	0	0	0	0	0	0	0	0	0	0	0	0	0	0	0	0	0	0	0	1	1	1	1	1	1	1	1	1	1	1	1	1	1	1	1	1	1	1	1	9	1	1	1	1	1	3	64	2	1
12:17:54	53	6	7.1	3.36	1521.1	285.8				1	2	1	1	1	0	0	0	0	0	0	0	0	0	0	0	0	0	0	0	0	0	0	0	0	0	0	0	0	1	1	1	1	1	1	2	2	2	3	7	2	2	2	2	3	67	141	23	111	46	3	2	2	2	2	2	2	2	2	2	1	1	1	1
12:20:57	44	1	53.4	0.64	1480.9	305.3				53	53	53	53	55	56	52	51	52	122	71	48	48	47	46	45	45	44	45	45	77	40	38	46	37	40	37	55	161	47	42	41	64	59	40	39	100	87	125	51	53	37	36	35	65	54	43	34	33	34	33	29	29	30	31	49	250	38	33	33	34	34	33	32
12:21:08	44	2	119.2	0.79	1480.9	306.5				64	119	123	94	104	52	105	98	45	178	327	221	57	38	39	44	50	43	39	49	47	43	48	64	164	136	158	75	273	169	91	88	346	378	476	298	123	108	130	80	51	57	56	58	115	289	259	134	58	55	84	141	153	67	55	131	180	187	72	50	45	42	49	65
12:21:20	44	3	191.2	1.18	1474.2	305.3				34	46	103	57	602	611	200	149	544	93	41	143	169	226	44	51	37	68	252	244	53	67	50	37	37	69	56	41	49	255	394	114	321	634	300	151	35	51	19	17	28	29	34	41	86	280	850	803	492	559	195	263	131	1046	102	314	88	62	160	53	38	55	32	37
12:21:28	44	4	428.6	1.00	1476.0	303.5				105	77	35	240	521	468	375	363	64	37	43	168	316	52	52	44	84	223	326	777	795	591	356	260	194	100	63	102	138	59	71	74	111	85	57	68	103	416	205	483	737	633	190	728	891	1139	921	1259	1258	1256	1272	1266	1272	1300	1291	1246	230	70	67	114	750	175	607	63
12:21:40	44	5	345.1	1.02	1469.9	301.7				353	57	49	45	45	46	43	47	59	49	115	70	52	65	59	60	103	1081	1237	720	337	362	201	94	534	330	684	470	99	92	477	969	992	226	907	1218	1153	1046	128	182	402	568	95	148	545	208	329	386	117	75	68	67	488	354	945	121	61	74	246	134	664	165	121	847
12:21:53	44	6	400.3	0.85	1466.8	301.7				709	491	264	199	184	230	334	490	721	915	710	107	154	803	810	833	900	251	574	362	267	353	365	263	167	109	93	129	152	75	126	122	247	509	730	390	432	460	272	1070	1264	1306	1296	915	585	888	689	196	85	76	74	74	82	65	64	71	97	137	275	494	127	156	164	72
12:23:50	36	1	26.0	3.13	1505.3	278.5				5	4	4	4	4	4	4	4	5	5	5	5	5	6	6	6	6	6	6	5	5	5	5	5	5	5	6	6	6	6	6	6	6	6	6	5	4	4	4	4	5	6	6	8	11	13	14	15	16	17	18	19	20	24	69	26	23	23	24	26	37	114	394	533
12:23:55	36	2	25.4	3.13	1510.2	278.5				4	4	4	4	4	3	4	4	4	5	5	11	10	9	6	6	6	6	6	8	30	33	21	6	6	6	6	6	6	6	6	6	5	6	6	5	6	6	6	6	5	5	5	6	8	9	10	11	11	11	12	12	47	561	321	38	10	9	10	15	60	120	21	14
12:24:10	36	3	243.6	1.29	1510.8	278.5				24	65	54	23	19	25	31	60	767	747	389	177	478	1126	960	342	59	135	38	38	40	40	80	636	423	88	219	105	55	58	57	56	93	56	55	54	55	57	132	405	98	58	58	60	65	151	117	135	90	65	71	112	160	101	100	90	197	872	762	593	186	772	1316	1050
12:24:17	36	4	378.0	1.16	1513.8	276.6				841	156	35	139	431	595	426	75	35	30	31	29	32	33	33	31	31	30	26	31	31	31	35	81	106	77	53	51	66	159	64	57	115	427	125	110	139	120	271	206	626	1146	1201	1215	1062	215	519	176	89	277	274	158	656	1211	1288	1279	1281	1234	962	440	258	735	1225	1274
12:24:24	36	5	14.7	0.85	1505.3	275.4				15	14	15	15	15	14	14	14	13	14	13	13	12	11	10	9	8	7	6	6	6	6	6	5	5	6	7	9	68	72	15	21	40	14	37	10	10	11	11	12	12	12	11	13	13	13	12	12	12	12	12	26	27	10	10	9	8	9	8	8	7	8	47	23
12:24:33	36	6	24.6	1.59	1498.0	270.5				11	29	11	10	10	10	9	9	14	27	8	12	141	167	18	12	9	8	7	6	5	5	6	6	6	7	7	8	8	9	83	200	167	15	10	10	12	13	13	13	13	14	15	17	16	15	15	15	16	16	16	16	16	17	17	17	17	17	22	27	19	41	31	22
12:25:06	35	1	0.3	1.42	1498.0	253.4				2	1	1	1	0	0	0	0	0	0	0	0	0	0	0	0	0	0	0	0	0	0	0	0	0	0	0	0	0	0	0	0	0	0	0	0	0	1	1	1	0	0	0	1	2	1	0	0	1	1	1	1	2	1	0	0	0	0	0	0	0	1	1	0
12:25:12	35	2	0.7	0.92	1494.9	250.4				1	1	1	0	0	0	0	0	0	0	0	0	0	0	0	0	0	0	0	0	0	0	0	0	0	0	0	0	0	0	0	0	1	1	1	1	1	1	1	1	1	1	2	2	1	1	1	1	2	1	1	1	1	1	1	1	1	1	1	1	1	1	1	1
12:25:26	35	3	1.3	2.01	1494.3	247.3				1	1	1	0	0	0	1	1	0	0	0	0	0	0	1	0	18	4	0	1	9	3	1	0	8	1	1	0	1	1	1	1	1	1	0	0	0	0	1	0	0	0	0	0	0	0	0	0	1	1	1	1	0	1	1	1	1	1	1	2	2	3	3	4
12:25:36	35	4	5.5	1.56	1496.1	247.3				0	1	0	0	0	0	0	0	3	5	0	0	0	0	0	0	0	0	1	1	1	2	2	2	5	50	9	4	4	8	6	5	5	6	6	5	6	6	6	44	19	19	10	6	7	17	14	7	10	6	6	6	5	5	4	4	4	3	3	3	2	1	1	1
12:25:49	35	5	1.3	4.28	1498.0	247.3				4	1	0	0	0	0	0	0	0	0	0	0	0	0	0	0	0	0	0	0	0	1	6	0	0	0	0	0	0	0	0	0	0	0	0	0	0	0	0	0	0	0	0	0	0	0	0	0	0	0	0	0	0	0	0	0	0	0	1	1	16	11	41	2
12:26:00	35	6	1.4	3.69	1501.0	250.4				1	1	1	1	1	0	0	0	0	0	0	0	0	0	0	0	0	0	0	0	0	0	0	0	0	0	0	0	0	0	0	0	0	0	0	1	1	1	1	1	1	1	1	1	1	1	1	1	1	2	1	2	2	3	41	10	2	0	1	1	1	1	1	1
