Created by SunData for Windows Mobile v2.0.0.1
	
Title     :	Sample Experiment
Location  :	cae canol
Latitude  :	53.14N	Longitude :	1.63W
2014-06-13		Local time is GMT+1 Hrs
SunScan probe v1.02R (C) JGW 2004/01/19
	
Ext Sensor: BFS		  Leaf Angle Distn Parameter:				1	  Leaf Absorption:		0.85
Group   1 :	group
	
Time	cae canol 	Sample	PAR	Spread	Total	Diffuse			Notes	1	2	3	4	5	6	7	8	9	10	11	12	13	14	15	16	17	18	19	20	21	22	23	24	25	26	27	28	29	30	31	32	33	34	35	36	37	38	39	40	41	42	43	44	45	46	47	48	49	50	51	52	53	54	55	56	57	58	59	60	61	62	63	 tip 64

23:25:53	35	1	237.3	1.58	1763.5	0.85	
23:26:02	35	2	122.4	1.22	1763.5	0.85	
23:26:11	35	3	20.8	0.43	1760.4	0.85	
23:26:20	35	4	96.1	2.01	1767.7	0.85	
23:26:33	35	5	258.2	1.36	1774.4	0.85	
23:26:40	35	6	243.8	1.54	1772.6	0.85	
23:27:54	36	1	225.5	1.85	1778.7	0.85	
23:28:04	36	2	145.9	1.50	1782.4	0.85	
23:28:21	36	3	311.8	1.42	1785.4	0.85	
23:28:41	36	4	469.2	1.20	1784.8	0.85	
23:28:56	36	5	268.0	1.29	1765.9	0.85	
23:29:08	36	6	162.0	1.52	1754.9	0.85	
23:30:16	44	1	368.7	1.12	0.0	0.00	
23:30:48	44	1	408.2	1.13	1733.6	0.85	
23:31:02	44	2	238.0	1.58	1734.8	0.85	
23:31:27	44	3	381.0	1.11	1698.8	0.84	
23:31:36	44	4	478.8	0.89	1769.6	0.85	
23:31:53	44	5	701.0	0.85	1785.4	0.85	
23:32:14	44	6	1125.3	0.51	1790.9	0.85	
23:37:54	42	1	498.0	1.15	1937.4	0.84	
23:38:10	42	2	677.4	0.98	1943.5	0.83	
23:38:29	42	3	656.0	0.90	1954.5	0.82	
23:38:41	42	4	540.9	1.03	1965.5	0.82	
23:39:16	42	5	502.7	1.10	1992.3	0.80	
23:39:24	42	6	325.4	1.28	1997.2	0.80	
23:40:37	46	1	884.7	0.87	2029.6	0.78	
23:40:47	46	2	820.3	0.93	2027.1	0.78	
23:42:23	46	3	1482.1	0.34	2060.1	0.78	
23:42:33	46	4	1303.5	0.36	2019.2	0.78	
23:42:42	46	5	1204.8	0.50	1912.4	0.77	
23:42:53	46	6	839.8	0.64	1958.2	0.77	
23:43:50	51	1	612.2	0.57	1422.3	0.69	
23:44:01	51	2	785.5	0.58	1535.8	0.72	
23:44:06	51	3	1025.7	0.39	1527.9	0.71	
23:45:23	51	4	1323.1	0.52	2260.9	0.80	
23:45:32	51	5	500.9	0.65	1786.7	0.75	
23:45:38	51	6	541.1	0.92	1911.8	0.76	
23:54:36	50	1	128.2	1.17	2137.0	0.73	
23:54:46	50	2	34.1	0.76	2237.1	0.74	
23:55:06	50	3	62.6	0.57	1026.8	0.45	
23:55:15	50	4	122.8	1.60	2318.9	0.75	
23:55:21	50	5	270.8	1.47	1968.5	0.70	
23:55:28	50	6	148.4	1.08	1817.8	0.68	
23:59:47	48	1	180.1	1.29	1587.1	0.54	
23:59:53	48	2	659.4	1.00	1923.4	0.61	
00:00:13	48	3	90.3	1.14	1646.9	0.55	
00:00:20	48	4	40.0	0.75	1501.0	0.50	
00:00:34	48	5	60.6	0.85	2103.4	0.64	
00:00:42	48	6	102.3	0.77	1820.8	0.58	
00:04:51	56	1	728.8	0.62	2166.9	0.62	
00:04:58	56	2	932.3	0.66	2204.1	0.63	
00:05:08	56	3	1053.4	0.64	2425.1	0.66	
00:05:17	56	4	821.9	0.47	2043.6	0.59	
00:05:44	56	5	338.5	1.02	2306.1	0.64	
00:05:53	56	6	205.2	0.62	2394.0	0.65	
00:06:32	57	1	460.8	0.79	2045.4	0.59	
00:06:43	57	2	333.5	0.67	1934.4	0.57	
00:07:02	57	3	610.4	0.74	2031.4	0.59	
00:07:10	57	4	366.2	0.62	1994.2	0.58	
00:07:24	57	5	425.5	0.46	1598.1	0.48	
00:07:30	57	6	397.1	0.63	1584.0	0.48	
00:08:32	58	1	429.9	0.74	1715.9	0.53	
00:08:43	58	2	455.7	0.45	1496.1	0.46	
00:09:26	58	3	597.0	0.39	1072.5	0.27	
00:09:43	58	4	431.0	0.33	909.6	0.17	
00:09:57	58	5	302.0	0.52	920.0	0.16	
00:10:06	58	6	239.5	0.54	973.7	0.21	
00:14:06	53	1	667.8	0.29	1233.1	0.41	
00:14:12	53	2	692.9	0.30	1375.3	0.47	
00:14:20	53	3	587.9	0.85	2083.3	0.65	
00:14:26	53	4	370.5	1.17	2459.9	0.70	
00:14:34	53	5	797.7	0.86	2487.9	0.71	
00:14:43	53	6	299.3	1.20	2474.5	0.71	
00:17:29	61	1	500.7	0.73	1284.3	0.53	
00:17:36	61	2	616.3	0.97	1879.4	0.67	
00:17:42	61	3	96.2	1.26	2031.4	0.70	
00:17:49	61	4	178.3	1.64	2331.1	0.74	
00:17:56	61	5	348.3	1.45	2383.0	0.74	
00:18:12	61	6	525.0	1.06	2307.3	0.74	
00:19:05	62	1	458.6	0.91	2087.6	0.72	
00:19:14	62	2	497.6	0.92	2058.3	0.71	
00:20:21	62	3	728.7	0.77	2128.4	0.73	
00:20:30	62	4	406.9	0.97	2124.2	0.73	
00:20:51	62	5	775.4	0.73	2133.9	0.74	
00:20:58	62	6	477.6	1.00	2114.4	0.74	
00:26:32	39	1	891.1	0.77	2137.0	0.70	
00:26:39	39	2	460.7	0.85	2164.5	0.70	
00:26:49	39	3	703.3	0.76	2202.3	0.70	
00:26:56	39	4	338.7	1.00	2235.9	0.70	
00:27:17	39	5	332.7	0.96	1943.5	0.65	
00:27:24	39	6	225.0	0.91	2219.4	0.69	
00:28:05	40	1	560.8	0.97	2309.1	0.69	
00:28:23	40	2	576.9	0.90	2323.8	0.70	
00:28:42	40	3	782.1	0.74	2326.8	0.71	
00:28:55	40	4	907.6	0.83	2326.8	0.71	
00:29:06	40	5	978.4	0.68	2336.0	0.72	
00:29:17	40	6	1504.2	0.46	2357.9	0.72	
