Created by SunData for Windows Mobile v2.0.0.1
	
Title     :	Sample Experiment
Location  :	cae canol
	
2014-07-02		
SunScan probe v1.02R (C) JGW 2004/01/19
	
Ext Sensor: BFS
Group   1 :	group
	
Time	Plot	Sample	PAR	Spread	Total	Diffuse			Notes	1	2	3	4	5	6	7	8	9	10	11	12	13	14	15	16	17	18	19	20	21	22	23	24	25	26	27	28	29	30	31	32	33	34	35	36	37	38	39	40	41	42	43	44	45	46	47	48	49	50	51	52	53	54	55	56	57	58	59	60	61	62	63	 tip 64
	
23:40:14	40	1	164.3	0.31	1321.0	940.7				150	151	151	163	165	154	152	151	211	245	186	154	204	203	184	165	166	129	132	131	140	188	154	144	169	109	98	112	167	342	364	163	119	117	120	116	111	138	280	137	111	113	118	149	153	329	229	145	139	143	144	187	192	160	157	159	162	164	163	160	155	154	151	149
23:40:29	40	2	156.0	0.39	1324.0	940.7				139	139	132	123	128	120	109	125	130	138	176	157	125	133	118	149	221	117	123	109	115	116	114	116	126	213	342	223	206	164	223	133	158	143	205	149	148	173	169	174	175	168	359	228	173	166	163	164	159	156	154	151	167	419	182	142	124	118	106	87	64	59	89	89
23:40:48	40	3	249.1	0.11	1309.4	940.7				217	227	211	214	217	217	219	219	222	244	295	223	225	230	248	249	235	247	246	267	281	242	271	241	248	306	267	265	369	326	273	231	254	300	257	235	243	264	247	253	237	237	236	237	241	240	240	244	243	241	240	233	238	242	247	246	260	275	262	276	272	239	236	234
23:41:13	40	4	191.0	0.31	1295.3	938.9				64	100	70	114	80	83	116	142	217	161	172	336	360	207	215	224	187	184	193	197	200	205	212	213	241	341	226	215	233	218	214	249	214	203	202	200	216	264	218	269	176	170	144	223	193	193	246	182	194	172	306	206	190	172	153	154	177	196	173	193	130	129	99	85
23:41:26	40	5	189.6	0.42	1286.2	937.7				421	396	281	208	187	224	288	288	414	439	397	222	186	177	178	180	180	178	180	181	182	185	208	217	274	253	176	174	178	183	182	172	174	178	185	182	180	203	174	174	167	169	163	159	158	155	157	159	119	111	109	117	127	128	131	134	126	120	112	82	68	114	104	104
23:41:46	40	6	216.7	0.40	1269.1	935.8				103	96	93	98	92	73	94	94	120	131	132	146	175	193	162	198	154	95	88	137	162	167	154	138	133	144	162	217	195	207	216	216	339	269	338	281	248	240	239	242	281	342	319	266	354	441	301	345	345	365	308	244	271	307	255	249	251	251	256	273	345	245	239	237
23:42:47	39	1	105.9	0.64	1228.2	929.7				107	103	93	86	74	60	53	49	54	57	56	56	56	53	48	35	35	44	48	84	42	43	43	91	44	39	41	44	40	40	117	49	54	71	184	103	75	88	113	131	76	113	76	68	106	209	143	157	212	130	194	214	177	132	158	176	337	206	145	150	151	216	287	249
23:42:54	39	2	30.2	0.37	1222.1	929.7				46	44	34	33	28	31	32	41	38	48	37	38	33	22	23	19	34	29	33	32	32	28	22	19	21	19	21	26	28	28	28	27	27	26	24	21	21	25	22	17	17	25	20	13	13	12	16	16	23	27	10	33	37	42	34	41	45	45	48	48	48	50	51	65
23:43:14	39	3	45.5	0.38	1208.6	926.7				71	67	63	58	53	45	36	34	33	27	35	37	27	41	49	29	28	26	28	29	32	32	33	32	32	74	68	48	35	27	28	31	33	33	35	35	35	36	40	55	41	39	38	38	42	37	38	43	56	41	43	55	85	56	67	84	66	57	57	49	47	55	90	102
23:43:23	39	4	47.7	0.54	1207.4	926.7				49	58	55	56	55	53	49	43	25	41	41	62	174	98	32	30	13	20	27	30	32	34	31	25	24	29	107	47	34	41	44	46	48	43	43	50	66	58	58	47	57	92	66	51	45	45	52	56	116	74	54	40	38	41	39	73	35	31	28	32	23	16	16	18
23:43:59	39	5	68.3	0.95	1197.7	924.8				52	49	46	41	37	33	31	25	25	27	33	33	34	35	41	34	32	32	32	31	30	28	24	18	8	8	24	33	38	40	43	43	45	64	57	48	49	53	72	56	52	45	26	25	30	53	69	128	186	138	52	36	47	27	108	197	211	259	296	223	167	165	173	177
23:44:06	39	6	69.7	0.95	1191.6	924.8				64	103	49	45	43	41	43	57	127	30	38	36	37	38	37	34	37	33	33	31	30	29	30	29	28	21	17	26	24	22	21	32	33	33	35	36	39	43	45	47	47	58	49	51	54	56	59	61	65	66	67	69	95	97	102	74	194	255	219	136	264	332	203	215
23:47:59	42	1	58.2	0.38	1160.4	928.5				51	51	52	53	52	51	52	53	54	62	52	51	53	46	43	45	39	39	39	42	46	70	177	157	66	60	59	69	62	65	62	63	64	64	69	65	66	66	66	66	64	62	63	63	63	61	60	60	59	60	58	56	57	55	54	53	52	51	49	47	39	38	34	4
23:48:13	42	2	46.4	0.26	1156.2	928.5				75	76	75	68	67	65	62	56	49	48	56	60	65	65	61	54	45	46	41	38	38	43	43	49	47	41	48	50	50	50	51	55	15	21	36	40	39	39	39	37	33	30	29	30	32	35	38	40	41	42	45	46	44	45	43	42	46	49	49	48	44	42	39	38
23:48:23	42	3	81.2	0.55	1161.7	928.5				77	75	74	74	73	70	68	66	65	61	57	54	53	51	46	37	32	26	42	79	78	160	86	75	58	55	52	52	94	61	96	187	153	63	49	45	47	52	53	55	75	67	71	85	67	66	69	71	71	71	67	74	109	60	68	76	81	95	162	225	241	213	135	129
23:48:37	42	4	49.8	0.33	1166.5	930.9				51	53	52	50	48	46	44	42	41	41	44	37	37	35	30	35	38	37	41	40	43	44	40	37	48	53	64	69	37	35	40	39	36	118	32	35	43	51	51	44	41	43	43	44	45	45	45	46	48	48	48	47	51	56	52	66	57	60	78	99	98	88	69	70
23:49:19	42	5	65.5	0.28	1170.2	930.9				98	99	99	102	102	104	100	98	97	94	87	83	83	79	74	70	64	60	62	66	71	71	70	71	71	69	65	64	66	65	67	61	61	61	55	55	57	57	59	59	66	66	52	48	47	47	50	54	52	47	42	34	34	36	42	47	52	55	55	55	54	55	55	54
23:49:25	42	6	62.0	0.41	1164.7	930.9				106	108	105	106	112	117	104	100	85	79	82	80	83	83	78	73	72	76	75	75	72	73	67	71	70	67	64	64	65	73	73	72	60	58	56	55	57	64	103	50	46	45	45	45	45	44	47	39	36	35	33	30	31	32	34	32	31	31	28	27	31	28	23	18
23:50:50	46	1	132.0	0.62	1199.5	934.6				163	160	152	148	145	211	179	134	112	105	91	75	72	67	56	52	44	59	44	49	51	51	51	58	59	53	44	44	56	63	71	54	42	85	90	95	105	117	122	87	133	144	149	131	76	129	291	167	236	129	192	336	373	289	307	265	187	282	289	174	156	155	178	162
23:50:58	46	2	228.0	0.67	1205.6	934.6				265	244	249	133	146	117	141	152	115	84	74	67	73	59	54	46	43	57	53	48	56	74	53	52	53	55	55	67	81	220	212	78	246	108	178	291	277	286	250	193	208	337	394	417	440	439	422	294	259	432	467	463	474	444	375	426	468	485	484	419	419	335	292	298
23:51:17	46	3	147.9	0.28	1210.5	936.4				171	144	140	136	129	123	115	111	112	120	109	109	129	132	131	139	149	138	196	154	128	122	114	99	91	101	169	183	230	174	160	143	129	139	127	124	124	122	119	119	119	130	120	125	130	151	148	288	194	153	130	156	249	144	161	240	225	142	235	215	248	155	94	115
23:51:23	46	4	184.6	0.42	1214.1	936.4				278	191	164	244	354	348	189	127	135	160	109	102	122	142	164	120	134	96	106	100	95	246	139	91	99	86	113	234	245	141	113	131	159	127	121	108	129	128	140	148	196	358	239	228	240	171	161	184	249	167	172	170	179	277	388	290	398	263	185	214	345	224	167	177
23:51:32	46	5	204.9	0.48	1217.2	936.4				231	250	353	420	385	298	247	304	363	346	228	236	218	225	243	342	432	428	374	330	285	203	188	185	196	314	206	168	156	150	146	147	147	133	128	121	116	109	121	87	82	67	81	82	88	90	93	99	103	108	120	132	135	168	269	334	331	185	185	210	148	148	151	153
23:51:44	46	6	176.9	0.33	1223.3	936.4				180	255	207	189	363	379	370	196	163	209	154	234	240	248	139	96	102	78	104	138	109	146	87	102	114	196	125	117	129	131	142	146	151	155	160	167	177	253	191	182	217	195	186	189	197	192	190	190	187	185	185	173	172	169	181	174	170	170	170	185	161	159	151	151
23:52:43	51	1	278.3	0.38	1220.2	936.4				505	502	489	469	343	266	368	438	407	319	282	227	193	180	169	155	156	142	147	153	159	194	153	152	224	188	316	321	163	132	132	140	174	226	155	164	188	184	360	421	409	435	381	255	255	267	264	380	340	372	313	397	380	332	324	415	329	271	268	264	260	264	271	312
23:52:54	51	2	215.9	0.31	1219.6	936.4				164	169	176	183	185	175	174	169	142	125	109	147	165	179	173	223	148	140	138	196	272	210	162	173	177	185	193	171	162	171	176	151	145	144	163	196	235	251	356	239	220	342	337	189	267	222	315	289	325	278	247	229	234	244	268	251	293	248	241	241	238	297	440	348
23:53:09	51	3	256.4	0.31	1216.6	936.4				311	200	183	174	242	167	144	128	114	146	178	209	181	181	186	192	192	196	266	405	423	426	419	378	240	210	193	236	405	264	207	199	291	350	364	226	263	191	198	210	218	233	226	240	244	254	259	293	306	281	313	321	280	258	369	345	359	309	416	256	248	269	260	171
23:53:31	51	4	262.6	0.39	1211.1	936.4				79	81	91	91	198	161	356	298	324	349	208	382	313	432	458	460	471	468	409	289	259	243	405	226	228	400	308	301	204	251	198	194	203	272	295	395	255	370	336	211	176	155	140	141	155	140	150	167	188	210	202	205	278	434	435	257	216	318	230	213	212	228	263	224
23:54:08	51	5	162.7	0.40	1212.3	936.4				187	195	204	217	224	224	222	222	226	286	324	346	371	247	203	195	194	189	189	183	177	169	164	163	168	147	126	98	83	121	184	162	141	123	106	100	95	103	103	93	83	84	86	93	101	109	129	134	118	82	134	129	133	196	293	196	129	118	129	144	135	129	128	126
23:54:18	51	6	151.5	0.39	0.0	0.0				216	217	216	218	217	213	213	212	206	204	199	190	190	188	181	176	176	181	207	184	169	165	161	171	141	149	162	121	100	85	90	88	87	87	88	89	99	196	127	92	97	101	91	88	85	79	78	77	68	59	75	79	87	103	136	162	250	162	169	177	164	237	267	338
23:54:25	51	6	170.1	0.51	1209.3	937.7				218	221	221	226	226	223	221	218	214	211	209	201	199	197	192	188	187	183	192	180	195	298	311	241	174	139	155	120	110	99	76	69	71	83	40	63	94	106	109	105	101	105	169	126	80	54	63	106	67	56	89	91	111	132	160	288	202	196	179	233	212	412	432	438
23:55:18	50	1	16.3	1.16	1223.3	937.7				70	70	66	61	62	58	54	47	42	35	29	27	30	22	18	20	21	13	11	12	10	10	7	7	4	3	2	2	2	2	3	3	2	1	1	1	1	1	2	3	4	5	6	6	7	8	8	8	8	8	9	9	10	11	12	10	9	9	9	8	10	13	13	13
23:55:36	50	2	8.6	0.55	1225.1	937.7				10	11	10	8	7	6	5	3	1	3	2	4	4	3	4	4	2	1	1	4	6	7	6	1	2	4	4	5	6	4	5	8	9	11	13	15	18	17	17	17	16	17	16	15	13	13	12	15	13	12	12	11	10	10	11	10	11	11	10	10	9	10	10	9
23:55:56	50	3	20.4	0.83	1246.5	939.5				74	72	67	63	59	54	50	45	38	33	29	24	19	17	12	11	10	10	11	12	12	11	11	10	10	7	7	15	11	7	6	5	7	8	9	10	11	10	8	7	8	8	9	10	11	19	12	13	13	16	20	20	20	21	20	16	20	21	33	23	20	21	21	22
23:56:08	50	4	16.0	0.47	1240.4	939.5				32	33	29	26	7	17	24	22	17	13	9	9	13	11	13	13	13	11	11	12	9	7	8	5	9	5	6	6	11	13	8	15	18	18	17	18	18	19	20	20	21	24	21	20	23	22	22	22	21	21	21	20	43	23	19	17	15	14	14	13	10	9	6	5
23:56:13	50	5	15.4	0.45	1233.1	939.5				25	28	29	29	29	27	24	22	20	16	14	9	9	8	5	6	8	8	11	11	9	6	7	7	7	8	5	5	6	7	9	9	11	13	15	15	16	16	16	16	16	16	16	15	16	22	33	27	20	19	19	19	20	20	20	19	18	18	18	18	17	17	13	13
23:56:22	50	6	19.8	0.47	1229.4	939.5				25	29	28	26	25	20	15	14	14	13	10	8	7	11	7	6	6	12	13	11	8	6	6	6	4	4	4	10	17	21	19	19	20	20	19	22	25	25	24	23	23	24	23	25	24	22	20	22	22	22	24	25	27	28	30	30	31	32	33	34	35	37	37	37
23:58:48	35	1	20.0	0.64	1228.2	949.9				49	47	44	39	34	31	39	24	34	29	16	12	8	5	6	6	7	7	7	5	4	5	7	8	3	3	4	2	2	3	4	7	9	11	13	19	21	22	23	24	25	26	27	27	28	28	28	29	27	26	27	31	27	28	32	55	25	24	22	21	20	19	18	19
23:58:55	35	2	17.2	0.68	1236.1	950.5				8	8	11	7	10	10	10	10	8	3	1	0	2	4	4	5	6	4	2	5	5	7	7	6	4	3	2	7	6	4	18	21	24	26	28	29	29	29	28	28	28	27	25	26	25	25	24	24	26	29	25	24	27	27	27	27	50	31	27	26	27	42	28	27
23:59:09	35	3	3.6	0.93	1239.2	950.5				15	15	13	11	10	6	6	5	4	5	5	6	4	4	1	1	0	1	1	0	0	1	0	1	1	2	2	4	4	4	5	7	6	6	6	2	4	4	4	4	3	5	4	3	2	2	2	2	2	1	1	0	0	0	0	0	0	1	3	3	4	4	5	4
23:59:17	35	4	11.9	0.59	1240.4	952.9				15	10	8	6	6	4	3	3	3	2	2	1	2	2	2	2	2	4	4	5	5	7	8	5	6	7	10	11	10	11	13	15	15	16	17	19	20	21	22	22	21	21	21	22	22	21	21	21	20	19	17	16	17	17	17	17	18	17	17	16	12	11	8	7
23:59:50	35	5	24.3	0.56	1246.5	958.4				39	36	35	31	28	23	22	19	19	18	17	9	15	7	14	19	25	27	36	27	16	7	7	4	2	4	9	7	6	10	16	18	22	17	19	25	25	26	26	29	31	32	33	32	31	28	20	21	26	30	33	33	91	39	46	29	26	23	24	25	28	28	30	59
00:00:03	35	6	21.4	0.98	1257.5	959.6				22	14	14	6	0	6	3	6	5	4	5	4	5	6	9	9	9	9	9	9	3	2	15	7	10	16	23	24	17	16	26	31	30	56	156	55	44	39	38	37	37	35	33	32	31	27	23	16	16	25	22	17	20	22	23	22	20	17	18	19	22	23	26	28
00:00:59	36	1	50.8	0.92	1274.6	968.8				76	77	72	71	82	64	64	60	57	51	47	44	39	35	29	26	26	24	21	20	19	16	16	18	38	55	22	30	23	22	23	23	23	21	24	23	23	22	22	21	23	24	27	30	30	89	67	46	46	47	43	40	48	49	51	61	50	51	60	72	128	219	271	216
00:01:10	36	2	52.1	0.93	1278.2	968.8				45	47	84	46	52	40	36	33	33	37	26	30	60	22	27	24	20	18	22	23	20	20	19	18	21	22	22	21	24	41	41	23	21	33	101	22	18	17	17	7	12	11	14	24	43	161	249	102	56	51	56	108	249	159	76	100	73	77	67	61	64	77	109	84
00:01:23	36	3	85.6	0.61	1279.4	969.4				144	80	78	79	78	77	75	70	69	71	72	71	74	71	67	63	54	41	51	55	54	53	51	52	47	47	45	47	52	40	38	48	93	74	63	62	67	70	64	62	64	64	67	69	66	74	74	73	73	81	91	120	100	233	264	190	151	285	222	119	103	182	81	63
00:01:29	36	4	76.6	0.66	1285.6	971.8				79	78	77	78	78	76	73	72	81	68	54	42	46	48	49	51	47	44	45	43	45	58	62	37	34	33	33	35	38	35	41	39	48	49	52	52	57	58	58	57	56	55	51	55	65	60	59	66	69	74	82	87	94	102	125	145	280	139	144	185	268	177	161	159
00:01:42	36	5	65.7	0.19	1293.5	974.9				85	80	75	75	74	71	67	64	61	58	72	99	58	66	80	58	55	63	62	63	63	73	57	48	50	48	39	49	55	56	55	51	48	42	55	54	57	62	68	89	70	69	67	67	68	68	68	69	119	78	66	65	67	68	69	69	69	69	69	70	69	71	72	69
00:01:51	36	6	48.4	0.32	1300.2	974.9				62	61	58	56	55	53	49	48	51	51	51	48	51	61	49	51	54	55	56	55	55	54	49	46	44	42	41	40	37	31	30	30	29	25	28	24	27	30	35	35	31	31	33	35	39	37	36	34	34	36	42	48	52	55	61	69	68	65	73	77	78	86	91	86
00:06:55	44	1	90.2	0.49	1269.1	984.6				194	177	166	244	168	178	132	105	116	123	130	124	123	127	134	131	136	132	129	126	121	114	106	93	75	71	74	78	82	84	83	80	74	71	68	73	76	76	71	68	62	55	50	54	62	49	45	43	47	44	35	25	44	43	46	53	54	58	51	52	51	54	57	113
00:07:13	44	2	58.3	0.37	1267.2	986.5				72	70	69	71	74	75	78	82	82	79	78	78	85	87	89	92	95	96	94	87	87	87	85	79	75	70	64	60	66	59	59	59	57	45	41	39	33	27	27	33	28	24	31	31	37	42	46	46	44	41	40	36	24	37	40	43	42	37	42	46	44	48	51	49
00:07:32	44	3	151.6	0.40	1274.6	986.5				236	235	298	365	291	281	177	152	159	154	148	141	216	174	117	159	117	125	130	118	110	108	110	102	108	100	143	153	111	101	106	246	148	153	109	109	198	152	104	162	102	104	105	107	146	152	168	133	139	202	128	220	137	101	94	95	110	89	87	97	109	116	278	258
00:07:42	44	4	147.0	0.34	1264.2	987.7				220	220	217	219	217	211	206	196	191	187	194	249	235	201	159	143	131	102	108	107	100	95	85	59	59	50	51	54	57	86	165	132	114	170	183	71	86	186	135	168	257	203	121	120	129	137	137	162	147	140	142	142	151	158	158	141	132	140	141	140	143	151	149	146
00:07:58	44	5	193.0	0.37	1259.3	987.7				295	301	212	289	193	168	163	143	118	74	111	158	173	163	151	158	194	161	153	92	79	104	175	105	102	176	320	310	152	331	356	279	329	243	232	243	376	317	226	208	212	228	243	202	202	205	206	209	206	204	199	187	181	170	170	169	177	151	143	133	116	106	100	102
00:08:17	44	6	219.0	0.46	1264.2	989.5				253	254	256	245	246	290	308	323	366	260	293	208	227	268	239	175	161	156	142	103	174	196	207	235	272	179	165	182	276	178	354	221	103	75	115	120	74	76	16	17	60	95	49	105	120	115	144	220	346	407	299	153	182	243	313	317	365	418	353	322	383	343	327	333
00:11:18	53	1	137.6	0.49	1260.5	1019.4				226	167	156	170	284	333	275	162	131	164	211	186	106	95	79	62	65	65	57	61	62	69	81	138	114	82	79	86	74	77	82	111	87	104	144	131	94	92	81	79	144	111	164	122	186	130	153	155	143	259	295	292	309	164	136	128	126	123	125	91	89	115	212	118
00:11:29	53	2	111.1	0.37	1264.2	1017.6				152	156	134	139	133	133	124	131	125	103	197	239	92	84	156	102	74	65	69	67	66	85	74	88	96	67	56	58	56	57	66	63	71	79	80	89	95	97	104	125	115	134	143	134	121	123	150	193	151	118	113	107	108	109	111	126	214	212	172	95	85	82	78	75
00:11:37	53	3	53.6	0.33	1270.3	1017.6				62	61	57	58	51	43	44	43	43	46	52	38	41	37	35	29	27	25	28	28	26	31	29	32	32	66	48	38	42	60	63	48	51	52	50	48	48	46	51	91	59	129	80	64	79	66	60	58	59	63	63	63	64	66	67	68	68	66	69	67	64	63	63	68
00:11:44	53	4	46.1	0.85	1266.0	1017.6				121	266	167	145	92	85	84	76	69	62	59	37	56	51	49	41	40	37	41	37	35	34	30	28	28	27	30	43	13	22	15	26	27	29	32	33	35	34	33	33	33	34	34	35	35	34	33	35	35	35	36	34	34	33	31	28	24	22	21	24	25	28	33	35
00:11:57	53	5	96.5	0.67	1251.4	1017.6				105	96	89	86	87	77	74	71	58	50	35	41	113	31	41	45	93	38	38	30	42	43	22	24	36	38	39	42	53	35	38	47	52	52	53	58	73	70	77	82	85	109	93	95	105	114	118	185	209	133	158	187	129	134	193	297	287	238	174	142	140	161	247	171
00:12:10	53	6	95.2	0.71	1234.3	1017.6				67	79	75	73	71	68	64	56	52	48	43	29	26	30	31	37	31	34	39	51	60	55	39	72	44	41	35	35	34	34	37	45	55	58	64	69	75	78	80	85	100	102	139	127	124	125	125	128	131	142	136	134	139	144	149	152	168	177	178	280	266	264	312	258
00:14:22	61	1	37.9	0.47	1218.4	1016.4				47	40	30	31	28	25	23	21	19	11	24	23	24	29	92	20	16	30	21	52	13	19	36	74	36	43	52	48	54	54	55	63	61	63	57	52	49	52	58	59	57	56	53	51	48	46	46	45	45	45	44	42	38	34	31	26	23	19	16	10	17	13	11	10
00:14:29	61	2	41.6	0.61	1220.2	1016.4				74	36	24	20	17	17	13	14	22	17	13	13	22	22	17	9	8	5	12	20	17	16	13	19	36	42	34	28	21	6	2	22	54	58	63	67	71	72	74	76	77	76	75	75	76	77	78	77	74	73	71	67	67	66	63	59	54	51	48	43	38	33	28	34
00:15:08	61	3	67.9	1.38	1231.2	1016.4				29	32	31	27	22	14	14	14	14	15	13	9	8	9	11	9	9	9	9	9	10	7	5	5	4	3	4	5	6	9	12	14	16	18	22	24	27	30	31	31	34	36	38	43	47	51	56	63	72	90	111	136	148	150	184	308	343	319	264	232	226	247	278	282
00:15:19	61	4	82.4	1.46	1224.5	1016.4				40	35	28	24	22	24	22	22	19	18	18	17	16	14	11	10	10	8	7	7	7	7	6	5	4	3	5	5	5	5	3	10	18	17	16	22	33	38	42	33	43	39	57	71	76	86	101	108	141	170	154	127	135	156	159	170	188	205	292	272	429	467	485	493
00:15:31	61	5	25.9	0.66	1221.5	1016.4				53	49	45	41	21	15	27	26	22	19	12	8	6	5	4	3	3	4	3	2	5	4	5	6	6	8	10	18	14	15	19	21	28	30	35	49	38	41	40	37	45	44	51	53	53	37	28	48	53	52	49	46	44	41	38	34	31	28	25	19	16	13	10	6
00:15:42	61	6	24.8	0.78	1214.1	1016.4				77	81	58	65	68	66	59	9	4	9	12	38	39	38	28	20	11	6	1	7	5	4	11	12	15	15	17	38	21	11	16	24	22	22	32	37	38	42	39	39	39	39	37	37	37	35	26	24	13	16	4	13	14	16	15	11	6	8	10	9	7	6	6	4
00:16:14	62	1	101.2	0.51	1233.1	1017.6				141	140	132	127	120	117	119	116	96	62	67	78	76	79	81	82	81	80	80	80	97	75	69	67	65	63	58	57	53	60	60	59	64	59	57	58	65	65	67	68	69	69	70	76	86	212	234	235	253	232	158	205	225	144	102	121	92	91	106	132	83	95	80	75
00:16:35	62	2	89.3	0.27	1210.5	1016.4				112	109	113	114	111	109	104	89	87	103	100	95	90	81	66	40	41	53	91	102	66	49	52	75	72	74	65	55	55	55	63	62	61	58	50	53	89	68	70	79	91	98	100	104	107	111	112	119	118	118	114	109	113	116	117	115	114	118	118	110	98	101	107	108
00:16:57	62	3	102.6	0.55	1198.3	1016.4				67	66	67	100	100	69	69	67	71	107	71	64	57	52	49	47	41	31	30	39	35	38	42	46	52	56	56	64	75	77	79	80	83	84	88	95	99	101	104	111	109	112	121	172	205	198	152	154	206	176	182	158	250	265	242	205	153	129	117	114	112	109	101	97
00:17:12	62	4	76.7	0.36	1196.4	1016.4				55	162	111	108	71	75	58	50	56	54	49	19	36	63	58	64	81	84	109	71	75	69	61	57	46	36	36	37	46	57	65	121	75	103	97	67	70	72	73	82	120	89	96	137	174	105	86	85	84	84	84	82	84	90	83	81	79	78	93	76	67	65	58	53
00:17:32	62	5	66.7	0.39	1215.4	1017.6				70	69	69	67	84	60	53	46	42	39	32	31	88	125	37	39	34	33	35	39	40	91	45	45	48	44	48	53	52	52	49	45	42	37	42	49	56	66	76	92	85	114	150	97	82	82	82	84	87	99	80	70	55	63	72	73	78	89	91	83	83	106	83	129
00:17:43	62	6	79.4	0.51	1220.2	1017.6				88	98	143	77	67	64	55	44	46	48	54	90	82	64	61	58	73	86	50	48	46	43	44	55	108	54	126	70	57	67	65	61	59	62	50	42	34	31	37	64	57	91	69	52	20	10	104	193	147	167	190	101	151	85	73	77	133	104	85	89	85	116	188	128
00:21:18	58	1	107.4	0.46	1171.4	1008.5				281	221	188	181	196	200	159	146	138	124	115	117	97	140	67	61	53	78	171	90	122	98	134	107	64	58	53	75	78	66	61	38	52	52	61	76	91	85	77	78	93	113	170	163	133	140	131	181	129	122	111	86	104	109	104	96	107	88	79	71	56	44	55	38
00:21:53	58	2	122.6	0.29	1204.4	1008.5				133	122	116	118	116	113	114	112	110	107	99	85	81	91	111	98	115	135	148	193	218	149	112	120	129	138	144	147	161	133	131	130	131	130	127	125	123	122	118	118	110	105	103	103	95	82	67	59	53	53	70	66	110	262	158	169	146	161	175	152	136	135	141	116
00:22:31	58	3	335.8	0.26	1218.4	1008.5				209	221	213	287	266	271	306	228	218	211	218	319	265	238	245	361	280	254	232	307	277	239	259	373	344	241	354	351	258	356	372	355	313	196	247	371	429	458	461	465	465	429	381	457	453	465	431	419	438	467	481	466	463	414	340	379	448	429	334	288	281	283	288	325
00:22:36	58	4	201.3	0.39	0.0	0.0				268	319	324	358	369	293	236	228	230	230	232	255	301	337	357	361	356	278	212	197	198	172	159	199	230	192	198	224	240	217	229	272	304	208	186	184	177	172	165	172	181	158	153	154	156	152	151	151	143	137	135	129	126	125	127	125	122	117	111	93	72	80	76	73
00:22:44	58	4	208.3	0.38	1218.4	1008.5				320	326	319	387	396	393	390	315	236	292	284	253	236	226	222	238	247	210	246	253	186	170	168	243	250	202	171	190	228	251	236	230	286	334	274	192	185	183	183	179	177	178	176	174	171	163	158	154	144	138	125	118	138	128	122	119	118	116	113	106	100	96	89	81
00:22:49	58	5	188.4	0.55	1220.2	1008.5				471	472	464	408	305	308	404	334	259	247	234	226	228	240	284	284	327	236	229	227	232	251	260	223	201	188	177	167	159	147	127	123	119	132	109	116	112	118	158	135	103	104	109	91	94	146	125	141	111	167	137	104	196	184	92	87	79	77	73	59	71	83	98	87
00:22:57	58	6	209.1	0.18	1215.4	1008.5				164	207	236	280	284	226	211	216	223	224	221	227	224	222	218	210	210	202	222	198	190	188	198	202	197	195	192	193	185	195	194	329	280	202	191	174	176	175	171	174	187	181	183	184	191	184	202	193	224	217	188	184	185	185	185	185	218	331	238	340	240	201	167	166
00:24:06	57	1	75.6	0.51	1191.6	1006.6				118	114	115	113	111	108	124	95	90	78	73	74	70	67	68	68	70	87	68	66	67	83	66	66	64	61	51	42	44	41	43	40	38	43	47	46	40	50	57	68	71	73	72	69	68	59	28	35	23	43	26	12	46	18	36	109	147	152	140	162	120	155	155	181
00:24:14	57	2	78.4	0.59	1189.1	1006.6				174	170	167	164	157	149	143	137	138	132	120	113	109	102	90	82	74	64	63	61	78	108	65	61	48	49	48	48	48	42	39	34	33	34	33	31	35	35	34	30	27	31	31	33	38	43	45	48	51	51	61	61	66	75	75	77	92	83	85	83	79	93	109	243
00:24:39	57	3	106.4	0.59	1169.6	1006.6				190	210	242	298	295	255	207	163	159	149	145	137	135	130	120	107	102	96	81	75	93	71	64	65	57	63	64	46	44	46	42	37	38	35	35	37	36	45	35	68	69	60	59	72	79	116	74	75	77	80	81	82	96	131	166	162	119	155	161	160	103	118	99	104
00:24:47	57	4	94.9	0.36	1186.7	1006.6				174	171	165	161	156	149	145	138	133	126	120	112	105	96	78	69	66	61	64	68	69	67	66	61	58	55	56	56	56	71	64	51	89	60	44	54	48	53	60	78	73	87	83	101	116	111	98	100	103	108	141	132	128	114	115	104	104	102	102	101	99	96	95	94
00:24:59	57	5	80.8	0.23	1194.6	1006.6				158	122	111	110	113	113	90	86	96	95	99	96	94	90	86	82	69	71	71	65	59	55	50	49	52	49	48	60	65	75	79	77	76	78	80	84	82	88	80	80	80	80	80	80	80	80	78	80	77	73	73	72	74	76	81	83	109	77	76	75	74	75	76	78
00:25:07	57	6	85.3	0.24	1198.3	1008.5				112	98	95	91	90	114	91	82	118	122	83	72	71	73	71	68	61	60	54	53	55	55	57	59	62	60	58	59	56	46	62	71	76	80	83	85	88	89	90	91	102	103	94	94	96	96	95	96	99	99	98	95	99	110	121	106	138	107	98	94	91	92	89	86
00:27:54	56	1	113.5	0.32	1206.2	1008.5				144	144	145	151	149	127	114	122	116	104	115	86	78	91	128	89	86	82	85	84	83	77	74	80	89	63	59	73	89	84	85	89	95	108	129	147	128	129	129	157	147	219	264	164	135	166	156	133	137	176	120	110	118	107	106	105	102	98	96	90	81	69	71	89
00:28:02	56	2	129.3	0.45	1200.1	1008.5				143	179	276	283	249	225	124	112	100	97	98	98	99	113	73	72	66	76	84	87	86	83	75	69	71	88	68	70	68	73	84	116	91	75	44	41	91	109	124	113	119	172	149	185	94	117	140	154	162	212	191	129	143	264	235	238	145	164	135	208	167	167	172	122
00:28:09	56	3	125.0	0.31	1177.5	1006.6				117	102	94	109	90	81	92	122	174	107	72	83	96	90	89	85	89	91	93	96	104	111	131	143	161	112	108	106	108	166	141	108	107	104	105	103	95	86	75	76	93	96	66	110	129	138	144	152	154	155	166	176	205	178	174	209	198	185	206	175	171	170	164	163
00:28:18	56	4	117.2	0.28	1183.6	1006.6				142	132	135	120	112	108	96	73	111	74	74	67	67	84	81	71	64	80	118	93	93	97	98	98	99	98	93	108	92	96	98	96	90	112	159	114	172	102	109	109	157	193	144	122	122	135	181	134	157	107	91	91	128	141	166	183	140	134	135	134	137	170	161	206
00:28:49	56	5	68.9	0.25	1176.3	1005.4				95	106	105	150	131	82	67	66	68	55	55	69	79	82	85	80	75	75	77	69	60	68	69	66	60	63	59	58	58	58	58	56	55	55	60	61	65	59	57	56	61	61	61	60	62	58	58	60	58	57	55	57	66	57	58	60	62	63	68	71	73	78	85	95
00:29:03	56	6	104.6	0.49	1173.2	1005.4				60	58	62	70	78	77	59	54	63	71	115	91	74	71	74	87	138	126	98	76	74	72	76	67	57	60	59	58	58	65	69	73	75	92	102	82	82	86	88	94	96	96	101	105	107	115	113	140	227	148	118	117	156	142	176	268	272	254	190	45	163	140	163	155
00:31:52	48	1	13.6	0.63	1174.5	993.8				41	29	25	26	24	19	15	22	18	17	14	13	10	7	6	6	2	4	3	3	2	4	3	1	2	1	3	3	1	5	6	2	4	7	10	12	13	19	20	21	21	22	22	21	21	20	20	21	19	19	20	20	20	21	21	18	16	15	15	13	12	11	11	10
00:31:59	48	2	24.1	0.83	1178.1	994.4				76	69	63	58	52	46	43	38	32	27	24	22	17	13	10	9	6	4	4	4	3	2	2	3	2	2	2	1	2	3	3	2	1	1	2	5	8	8	8	23	17	15	18	39	25	26	25	28	30	46	62	37	37	37	34	24	39	41	44	46	43	46	44	43
00:32:06	48	3	11.8	0.57	1187.3	996.9				30	33	32	31	26	20	16	15	13	12	11	8	9	7	7	14	8	8	7	7	6	8	4	4	6	7	8	7	9	7	6	6	6	13	8	5	7	8	8	9	9	9	9	10	11	11	12	17	29	13	12	12	12	13	13	15	14	13	12	11	11	11	11	10
00:32:13	48	4	11.7	0.69	1188.5	996.9				34	33	30	28	26	24	21	20	17	12	8	6	4	4	4	2	3	4	3	3	3	4	3	2	0	0	0	1	2	0	3	4	7	9	9	10	11	12	12	12	13	13	13	13	13	14	18	13	13	13	14	13	15	15	15	14	10	16	18	18	19	18	19	19
00:32:28	48	5	14.6	0.92	1180.6	996.9				54	52	56	48	46	44	40	35	30	25	21	20	20	19	19	17	15	11	10	9	9	7	6	7	6	5	5	5	4	4	4	5	5	6	5	4	3	4	5	5	6	7	7	9	9	11	12	12	11	12	12	11	11	10	10	10	9	10	10	10	17	12	9	9
00:32:41	48	6	19.8	0.69	1181.2	994.4				54	53	50	46	40	35	29	26	26	22	19	17	12	9	6	5	5	4	4	4	5	4	6	6	5	4	3	2	3	3	6	6	6	7	10	17	15	16	17	17	17	18	18	30	23	22	22	23	24	25	27	26	28	28	29	28	28	28	28	28	39	52	28	27
