Created by SunData for Windows Mobile v2.0.0.1
	
Title     :	lai index 2012
Location  :	Cae Canol
	
2014-11-03		
SunScan probe v1.02R (C) JGW 2004/01/19
	
Ext Sensor: BFS
Group   1 :	
	
Time	cae canol 	Sample	PAR	Spread	Total	Diffuse			Notes	1	2	3	4	5	6	7	8	9	10	11	12	13	14	15	16	17	18	19	20	21	22	23	24	25	26	27	28	29	30	31	32	33	34	35	36	37	38	39	40	41	42	43	44	45	46	47	48	49	50	51	52	53	54	55	56	57	58	59	60	61	62	63	 tip 64
	
12:01:06	256	1	639.0	0.04	719.8	164.9				648	651	650	655	654	646	635	629	636	630	632	626	629	626	622	620	621	619	625	622	621	620	617	615	611	620	618	620	619	613	617	617	617	617	615	615	620	618	614	612	615	625	626	629	632	635	639	646	651	654	664	670	678	697	694	688	688	682	689	683	675	677	678	674
12:01:09	256	2	650.9	0.04	719.8	164.9				651	653	654	661	656	649	641	636	641	637	636	633	635	633	627	628	629	626	634	631	629	629	624	624	621	629	629	631	631	624	630	627	629	630	629	628	633	631	627	627	631	640	641	646	648	651	656	663	667	672	680	688	696	715	713	707	706	702	707	701	693	695	696	693
12:01:11	256	3	639.7	0.04	719.8	164.9				648	649	650	655	651	646	635	629	636	630	630	626	628	625	620	620	621	618	626	622	621	621	616	615	611	620	618	618	619	612	617	617	617	619	617	617	621	618	615	613	617	626	626	630	633	636	640	647	652	656	667	672	679	699	697	693	691	684	692	685	678	680	681	677
12:01:13	256	4	649.7	0.04	0.0	0.0				653	653	654	659	658	651	639	636	641	637	637	633	635	632	627	627	629	626	633	629	629	628	623	622	620	626	626	628	626	621	626	624	627	627	626	626	631	630	625	623	629	637	640	645	645	649	653	661	667	672	680	687	695	716	713	707	706	699	707	699	693	696	698	693
12:01:29	256	1	655.2	0.04	717.9	164.9				651	653	654	661	659	652	642	639	644	640	642	637	640	639	634	634	634	633	640	637	636	638	633	630	627	634	635	636	637	630	634	634	633	635	634	634	639	636	631	631	635	644	644	650	651	654	658	666	671	675	685	691	700	719	717	712	710	705	711	705	697	699	700	696
12:01:31	256	2	649.7	0.04	716.7	164.9				646	649	651	658	655	649	638	635	641	636	637	636	637	633	629	630	632	630	636	633	631	632	627	624	622	630	629	631	630	623	628	627	629	630	627	627	632	630	625	624	628	637	638	642	644	649	653	660	664	668	678	684	692	713	710	705	703	699	704	698	691	694	693	690
12:01:33	256	3	646.5	0.04	716.7	164.9				645	648	650	656	654	648	638	633	640	636	634	631	635	632	627	628	629	627	634	630	629	631	623	623	621	627	628	627	626	620	626	624	625	626	625	624	628	625	623	620	624	633	634	637	640	643	647	654	659	664	673	680	688	708	707	700	699	693	700	694	686	688	689	686
12:01:35	256	4	639.5	0.04	716.7	164.9				636	640	640	647	645	638	629	625	630	627	626	625	626	624	618	620	621	619	625	622	621	620	617	615	611	620	619	620	620	615	619	618	617	619	618	618	622	619	617	613	620	628	629	633	635	638	642	650	653	658	669	673	682	701	699	694	693	687	693	687	681	684	684	680
12:01:41	256	5	654.9	0.05	716.7	164.9				656	659	658	663	661	653	642	637	644	640	640	636	639	636	631	632	632	630	638	634	634	633	630	627	625	634	633	633	631	627	631	632	632	633	631	632	636	634	630	630	633	642	644	649	651	654	658	666	670	675	686	691	700	720	720	714	713	707	714	710	700	705	705	702
12:01:43	256	6	647.7	0.04	716.7	164.9				653	655	655	661	656	649	639	636	640	636	634	631	633	632	627	627	627	625	633	629	628	628	624	622	620	627	626	628	627	621	626	625	625	626	625	626	629	626	625	621	626	634	636	639	640	646	649	657	660	665	675	681	691	710	707	702	700	695	703	697	688	692	693	689
12:01:45	256	7	659.9	0.04	716.7	164.9				663	667	666	672	669	662	652	648	653	648	648	644	648	644	638	639	640	638	645	642	642	642	637	636	632	640	640	640	640	635	638	638	639	641	638	638	642	640	636	634	639	648	648	651	654	658	661	668	673	678	689	692	701	720	718	714	712	705	712	706	699	702	702	697
12:01:48	256	8	662.2	0.04	716.7	166.8				663	668	667	673	669	663	652	648	653	649	649	646	650	646	641	642	642	641	648	644	645	644	640	638	635	643	641	643	642	638	641	642	642	644	640	640	644	642	638	636	642	650	651	655	656	661	665	673	675	680	690	695	703	724	721	716	713	707	715	708	701	703	703	697
12:01:50	256	9	627.9	0.04	714.9	164.9				631	631	632	638	635	627	617	615	619	614	614	611	613	610	605	606	606	606	612	609	607	609	604	601	600	606	607	608	606	601	608	605	606	608	606	606	610	608	604	602	607	617	618	621	624	627	630	638	642	646	657	663	671	691	687	683	682	677	682	677	670	673	674	670
12:01:56	256	10	653.0	0.04	716.7	164.9				652	657	655	662	658	652	641	637	641	638	638	636	637	635	630	631	632	630	637	634	632	633	631	627	625	634	632	633	633	627	631	630	631	633	630	631	635	633	630	627	633	641	641	647	648	651	656	663	667	672	682	688	697	716	715	709	707	703	708	702	697	699	699	696
12:04:03	1	1	57.9	1.17	721.0	164.9				19	21	17	14	11	9	9	7	6	4	2	2	2	1	1	2	2	2	2	2	3	4	4	5	6	5	6	5	6	12	14	42	20	211	33	19	13	20	27	26	18	23	52	101	169	164	113	116	113	103	119	144	159	119	145	228	241	171	139	135	130	129	129	129
12:04:10	1	2	69.5	1.12	721.0	164.9				46	37	34	32	29	48	22	12	13	11	167	15	7	8	82	15	4	3	4	4	4	6	5	5	6	8	9	9	6	4	4	2	4	7	9	23	24	46	69	127	91	67	111	142	404	309	133	156	173	125	121	188	161	119	131	159	137	106	117	116	102	97	98	122
12:04:36	1	3	69.2	1.19	719.8	164.9				11	8	6	5	3	3	3	3	3	4	3	3	4	4	4	4	5	6	6	6	7	8	8	8	9	9	11	15	11	12	14	27	25	32	47	85	197	67	61	71	75	99	146	223	195	121	111	120	131	123	127	150	222	422	299	150	124	84	112	122	123	112	111	115
12:04:42	1	4	29.6	0.98	722.2	164.9				13	11	10	9	9	6	6	4	2	0	0	0	0	0	0	0	0	0	1	1	1	1	1	2	2	2	4	4	6	6	6	6	17	20	21	35	37	37	36	41	46	48	49	50	48	45	45	57	63	66	67	68	69	72	73	73	73	73	74	74	74	75	76	76
12:05:01	1	5	168.0	1.13	722.8	164.9				28	25	23	22	21	19	16	13	13	13	14	13	22	13	11	12	13	13	16	17	33	60	22	20	25	29	74	54	79	75	139	208	172	118	85	64	92	84	85	86	87	99	138	122	143	256	473	170	339	455	274	619	550	425	481	635	247	521	416	463	416	493	383	608
12:05:09	1	6	145.2	1.43	725.3	166.8				42	38	33	31	25	22	21	18	17	14	13	13	11	11	11	11	11	10	9	9	8	8	8	10	12	13	13	16	14	15	20	16	28	27	23	25	27	53	35	116	44	66	52	77	100	73	126	293	302	212	484	294	260	292	432	580	581	553	595	597	597	604	609	615
12:05:32	1	7	18.6	1.10	722.2	164.9				11	10	9	8	7	6	5	4	4	3	2	2	1	1	1	0	0	0	0	0	0	0	1	1	2	2	3	3	4	7	6	7	7	7	8	10	11	12	12	9	9	15	18	23	20	32	36	38	39	39	42	45	46	49	51	52	53	53	54	56	56	57	59	66
12:05:41	1	8	15.5	1.27	722.8	164.9				17	16	10	10	9	6	6	5	5	3	2	2	1	1	0	0	0	0	0	0	0	0	0	0	0	0	0	0	0	0	0	0	0	0	0	0	1	4	5	4	4	7	12	15	26	26	24	26	29	33	35	35	42	46	48	51	52	52	53	54	54	55	55	55
12:06:04	1	9	47.6	1.30	722.8	164.9				10	9	6	5	4	3	3	3	3	3	3	2	1	0	0	1	1	1	1	2	2	3	4	4	4	4	4	4	6	8	9	10	10	11	12	16	17	21	38	31	22	32	38	37	42	106	121	91	127	133	117	91	88	117	183	197	146	115	180	116	119	169	203	177
12:06:11	1	10	30.1	2.10	722.8	164.9				9	9	7	7	8	6	6	4	3	3	4	6	3	4	4	2	3	2	3	3	2	1	2	2	2	4	6	7	7	6	5	3	4	2	1	1	2	2	3	3	2	0	0	2	4	4	19	19	27	30	72	52	24	39	192	156	217	368	152	55	112	63	51	109
12:06:29	1	11	14.5	1.25	722.8	163.7				1	1	1	0	0	0	0	0	0	0	0	0	0	0	0	0	0	0	0	0	0	0	0	0	0	0	0	0	0	0	1	8	3	3	4	5	7	8	10	11	15	17	18	21	24	27	28	31	35	36	37	38	41	40	40	44	47	44	45	47	48	47	47	48
12:06:37	1	12	12.1	1.39	722.8	163.7				3	3	2	2	1	1	0	1	1	0	1	0	0	0	0	0	0	0	0	0	0	0	0	0	0	0	0	0	0	0	0	0	0	0	0	0	0	3	5	6	6	7	9	15	17	20	22	23	25	28	31	34	40	35	37	39	47	42	42	43	44	45	47	49
12:07:05	1	13	45.1	0.66	721.0	163.7				16	13	11	14	24	19	14	8	9	58	35	10	25	12	9	17	43	70	53	25	35	59	104	24	21	21	29	29	140	148	88	95	93	109	90	87	56	42	49	49	46	55	48	49	52	53	52	51	52	51	49	48	46	43	40	37	34	34	40	33	29	29	33	32
12:07:13	1	14	24.9	0.76	722.2	163.7				30	27	27	26	21	30	61	30	20	29	16	22	16	17	44	91	33	11	10	12	8	8	16	6	6	6	5	4	4	5	8	4	4	8	4	7	7	7	19	10	11	11	12	17	32	20	19	22	31	25	37	41	43	48	74	48	47	47	48	48	48	49	49	49
12:08:20	1	15	55.2	2.20	716.7	161.9				12	18	7	6	5	6	4	3	2	2	2	2	1	1	1	1	1	1	3	4	5	5	5	5	5	4	4	3	3	4	5	5	5	5	7	6	2	1	1	1	1	0	0	0	1	3	4	8	10	43	37	39	43	112	200	121	375	482	234	212	205	313	554	377
12:08:29	1	16	153.0	1.14	716.7	163.7				1	1	0	0	0	0	0	1	1	1	1	1	1	1	1	2	3	3	4	4	5	5	6	6	6	7	9	10	11	24	95	125	76	101	64	155	420	479	186	372	321	253	363	546	496	453	370	217	176	273	490	584	465	293	293	370	329	269	178	174	194	169	161	172
12:09:11	1	17	133.2	1.05	719.1	163.7				22	22	20	19	20	19	17	15	17	14	13	13	15	16	16	17	18	19	20	21	21	26	26	25	28	31	30	29	32	50	85	104	56	73	72	77	107	109	90	99	86	252	239	244	316	248	191	351	264	342	426	470	491	487	400	266	235	284	252	187	203	271	190	311
12:09:17	1	18	18.7	0.89	719.1	163.7				25	27	26	24	23	25	20	14	12	10	8	7	6	5	6	4	5	8	4	5	5	4	4	3	4	5	4	6	6	6	6	5	5	8	10	19	77	19	8	7	10	41	39	55	63	19	69	13	9	7	8	17	28	31	31	36	35	35	34	33	30	34	27	22
12:09:39	1	19	26.4	0.92	719.1	164.9				2	3	2	2	2	1	1	1	1	1	0	0	0	0	0	0	0	1	0	0	0	0	0	1	1	6	12	13	13	8	24	24	72	48	44	48	50	70	51	53	66	74	71	65	41	39	40	40	40	43	43	43	43	46	46	46	45	44	43	44	44	44	43	40
12:09:48	1	20	31.5	0.94	719.1	164.9				5	5	4	3	2	2	2	2	2	3	2	2	2	1	1	2	1	1	1	2	3	3	5	6	5	7	6	8	16	26	21	22	31	30	42	54	67	58	51	60	58	50	39	41	37	43	47	48	54	65	102	101	104	84	67	61	41	61	61	34	62	64	64	65
12:10:05	1	21	24.7	0.94	716.7	164.9				10	8	8	7	6	5	3	2	1	1	1	2	1	0	0	1	1	1	1	1	1	2	1	2	3	3	3	3	6	10	13	17	16	17	23	23	24	30	34	35	36	37	40	43	45	46	46	48	50	53	53	54	55	57	58	58	58	58	59	59	59	60	60	61
12:10:13	1	22	29.3	0.98	0.0	0.0				7	6	4	4	4	4	4	4	2	2	2	1	1	1	1	1	1	0	1	1	1	4	1	2	2	4	6	5	8	11	15	16	15	17	21	23	27	32	37	41	44	48	50	52	54	57	58	60	61	63	64	63	64	67	69	70	70	71	73	75	81	77	77	74
12:10:27	1	22	28.3	1.01	716.1	164.9				10	8	6	6	4	3	4	4	3	2	2	1	1	1	1	1	1	1	0	0	1	1	4	1	2	3	4	4	5	8	11	14	14	13	20	21	24	26	35	36	40	44	46	50	52	53	56	58	59	62	62	63	64	66	67	67	68	69	71	72	73	89	78	76
12:10:51	1	23	259.8	1.00	708.8	164.9				21	21	19	18	17	16	14	12	11	30	10	15	10	17	17	63	9	17	16	10	16	15	22	71	59	50	89	63	50	63	283	104	299	216	173	201	545	205	333	239	492	505	219	253	254	617	601	391	605	631	617	616	218	652	527	632	667	663	671	669	663	669	671	670
12:10:57	1	24	186.8	0.95	714.3	164.9				23	24	22	29	47	151	25	42	64	51	27	15	35	21	12	14	49	18	19	45	120	35	52	32	29	100	68	77	54	42	94	87	57	64	138	120	155	327	379	125	185	212	251	433	368	274	481	305	518	506	322	501	511	482	507	503	500	482	286	333	98	246	483	280
12:14:51	1	25	27.9	1.75	711.2	163.7				1	0	0	0	0	0	0	0	0	0	0	0	0	0	0	0	0	0	0	0	0	0	0	0	0	0	0	0	0	0	0	0	0	1	0	0	0	0	4	6	4	5	13	5	8	10	19	42	159	177	61	100	64	65	87	61	100	122	66	78	107	177	161	87
12:15:00	1	26	8.9	1.46	713.0	163.7				2	1	1	1	0	0	0	0	0	0	0	0	0	0	0	0	0	0	0	0	0	0	0	0	0	0	0	0	0	0	0	0	0	0	0	1	1	1	2	3	4	4	6	9	11	10	10	23	20	21	29	25	26	28	28	29	30	32	34	34	35	38	38	38
12:15:34	1	27	12.8	1.15	719.8	163.7				11	9	8	7	6	5	4	4	3	2	3	2	2	2	2	2	3	3	3	3	4	4	4	5	4	4	5	6	6	6	6	5	5	4	3	3	4	4	5	6	7	7	8	8	9	12	14	15	16	18	19	22	24	29	33	35	36	37	41	48	50	53	53	53
12:15:42	1	28	23.6	1.46	719.8	163.7				8	8	7	7	7	6	5	5	4	4	4	4	4	4	5	5	6	6	6	8	7	8	8	8	9	7	7	7	7	7	7	7	8	8	8	8	8	9	9	9	29	13	11	12	13	13	13	16	17	21	46	27	43	57	66	50	79	46	63	127	131	66	106	177
12:16:02	1	29	96.0	1.29	716.7	161.9				1	1	0	0	0	0	0	1	1	2	2	2	3	3	3	3	4	5	5	5	8	7	7	8	8	8	9	10	9	9	10	12	33	16	26	45	129	34	36	43	71	69	88	129	195	208	116	257	244	328	285	220	255	322	331	294	277	220	139	162	306	375	343	402
12:16:12	1	30	76.6	1.63	717.9	161.9				7	9	10	6	11	2	1	1	1	1	1	1	10	7	3	3	6	4	4	3	3	3	5	6	3	2	1	3	4	1	2	3	6	8	18	99	70	39	27	45	339	38	33	54	73	57	91	126	217	231	148	139	115	105	78	71	95	133	162	280	426	544	505	405
