Created by SunData for Windows Mobile v2.0.0.1
	
Title     :	penglais l 2013
Location  :	penglais field
	
2014-06-06		
SunScan probe v1.02R (C) JGW 2004/01/19
	
Ext Sensor: BFS
Group   1 :	
	
Time	aber15	sample 	PAR	Spread	Total	Diffuse			Notes	1	2	3	4	5	6	7	8	9	10	11	12	13	14	15	16	17	18	19	20	21	22	23	24	25	26	27	28	29	30	31	32	33	34	35	36	37	38	39	40	41	42	43	44	45	46	47	48	49	50	51	52	53	54	55	56	57	58	59	60	61	62	63	 tip 64
	
12:19:48	1	1	93.5	0.89	453.0	453.0				157	155	151	149	142	134	127	121	117	111	105	97	92	86	78	70	64	51	46	39	26	17	11	8	8	10	8	6	5	4	4	4	3	4	4	5	6	7	8	7	13	16	22	37	57	74	88	105	124	145	158	169	179	191	200	209	217	226	241	246	245	255	261	264
12:20:00	1	2	111.9	1.05	453.0	453.0				75	67	62	61	58	51	41	25	24	17	13	6	6	6	4	3	1	2	2	1	2	2	3	3	2	2	1	3	4	5	15	27	38	36	32	52	76	71	100	119	129	144	156	169	183	193	197	210	221	238	250	262	274	287	296	302	305	309	319	321	313	321	323	321
12:20:14	1	3	83.1	1.10	451.2	451.2				148	140	133	126	114	102	92	79	69	63	59	54	49	43	38	33	28	24	22	18	15	12	10	9	8	8	9	9	7	6	4	8	8	7	8	8	7	7	9	11	9	22	25	5	27	38	39	49	104	129	148	163	175	180	163	221	245	255	269	277	278	292	299	302
12:20:23	1	4	107.1	1.15	451.2	451.2				95	90	84	73	49	50	49	42	37	31	27	24	21	16	11	10	7	6	4	4	2	2	3	5	5	5	4	4	3	4	3	3	4	6	2	17	35	46	61	71	72	86	94	108	125	142	159	183	203	229	257	273	286	300	312	318	322	327	338	340	334	346	348	345
12:20:39	1	5	163.6	0.57	451.2	451.2				267	264	257	248	234	220	202	185	173	162	148	132	120	105	93	91	89	78	86	89	87	89	87	83	79	80	73	78	80	74	62	58	59	56	64	68	72	76	79	87	94	105	112	123	140	156	167	185	204	223	241	254	267	282	292	301	307	313	326	328	321	332	336	332
12:20:45	1	6	194.6	0.58	451.2	451.2				230	219	206	194	180	165	141	120	109	96	87	79	74	80	85	95	97	98	103	91	99	93	91	93	93	94	90	96	98	96	94	95	103	104	117	135	144	147	147	149	157	196	208	221	239	238	261	292	310	325	340	348	354	368	376	384	361	390	398	398	387	396	396	390
12:20:56	1	7	73.9	1.20	451.2	451.2				44	38	33	29	23	16	13	11	9	8	8	7	6	5	4	4	4	3	3	3	4	4	4	4	4	5	5	5	6	5	6	8	11	11	14	18	19	23	42	58	65	78	87	95	104	112	116	127	138	150	162	173	185	199	210	219	226	234	246	250	248	258	262	263
12:21:04	1	8	88.3	1.14	451.2	451.2				111	105	97	92	85	77	67	58	45	37	31	24	18	14	13	9	8	4	4	4	3	3	4	5	5	4	5	5	5	6	5	6	7	10	14	17	22	27	31	39	44	48	53	70	84	95	106	117	127	137	146	157	187	237	263	275	281	288	298	301	296	305	308	307
12:21:22	1	9	55.1	1.28	451.2	451.2				77	74	68	62	53	42	30	32	36	31	21	10	9	7	5	5	4	3	3	2	2	2	1	1	1	1	1	0	0	0	0	1	1	1	2	3	4	5	6	10	13	18	20	26	40	53	62	74	84	92	100	107	115	128	141	157	172	184	201	211	215	228	236	238
12:21:31	1	10	70.9	1.39	0.0	0.0				42	35	32	31	31	29	24	21	14	11	8	6	3	4	5	6	3	2	1	1	1	1	2	3	3	3	2	2	1	2	2	3	3	4	6	9	11	13	13	20	25	27	37	49	58	62	70	99	127	147	161	176	191	211	228	241	252	262	275	279	276	282	293	304
12:21:51	1	10	46.0	1.27	448.2	448.2				87	80	81	75	69	53	39	36	32	30	26	17	28	25	21	17	12	9	6	5	4	4	4	3	2	1	1	1	1	2	2	2	2	1	3	3	4	4	5	6	7	10	13	15	20	21	26	29	30	38	48	65	78	88	107	128	142	151	160	169	176	194	209	220
12:22:15	1	11	91.9	1.17	441.4	441.4				67	61	52	45	41	32	22	18	15	12	12	10	9	8	6	5	6	4	3	3	3	2	3	3	3	3	4	6	6	7	10	15	23	29	34	36	26	49	55	55	65	85	90	90	88	102	132	166	177	192	209	224	240	256	267	276	282	290	301	305	300	310	315	315
12:22:21	1	12	69.4	1.29	440.2	440.2				68	68	64	60	44	46	42	32	27	26	20	14	10	9	8	6	4	4	3	2	3	4	4	4	2	1	2	2	1	1	2	2	3	3	3	4	5	8	9	13	14	30	37	41	62	88	87	82	125	128	83	176	191	202	208	211	210	219	226	239	256	288	302	306
12:22:42	1	13	71.2	0.96	440.2	440.2				177	170	163	153	138	125	114	103	91	81	71	48	42	36	30	28	28	29	26	22	17	15	13	11	10	8	7	8	10	9	10	10	10	11	11	13	13	14	14	12	11	17	21	25	34	48	57	58	57	64	84	69	107	118	129	145	165	169	203	209	206	218	222	227
12:22:49	1	14	99.4	1.01	439.6	439.6				110	104	100	94	83	78	70	53	42	27	29	35	35	34	35	33	30	32	34	34	35	36	34	33	32	28	23	20	21	19	19	22	24	27	28	36	45	45	36	59	61	71	80	82	90	78	63	89	40	160	192	215	231	213	192	196	288	307	322	329	327	338	343	342
12:23:13	1	15	62.1	0.89	439.6	439.6				183	182	178	176	169	144	132	135	134	132	127	116	102	95	91	88	85	81	75	71	64	58	45	32	22	15	15	18	15	8	4	2	2	2	2	2	2	2	2	2	2	3	2	3	4	5	6	10	20	29	41	51	57	60	63	70	73	78	85	90	93	100	106	110
12:23:22	1	16	47.5	0.97	439.6	439.6				123	121	118	115	110	106	100	95	92	88	84	79	72	58	54	50	50	46	42	34	22	18	9	7	3	2	2	3	2	2	2	2	3	2	2	2	3	3	2	2	3	3	3	4	4	6	6	6	10	17	24	39	53	65	71	82	87	92	105	116	118	128	132	136
12:23:42	1	17	67.0	1.01	438.4	438.4				162	159	154	145	126	111	109	103	96	83	68	61	58	50	41	34	26	17	12	10	10	6	4	4	3	2	2	2	1	3	2	2	2	4	6	7	9	7	8	12	11	13	17	26	23	23	38	44	55	73	93	106	118	129	137	143	144	143	162	186	199	221	229	234
12:23:49	1	18	82.0	1.22	437.2	437.2				84	69	67	66	62	55	48	32	26	27	24	16	13	9	5	3	2	3	3	3	4	4	4	5	4	4	4	4	4	4	6	6	8	8	9	10	11	14	18	21	28	36	44	62	81	104	122	148	161	170	180	184	193	207	219	237	248	268	288	298	294	301	302	302
12:24:00	1	19	76.6	1.04	438.4	438.4				146	138	126	117	106	97	86	76	68	60	51	42	30	21	14	8	5	4	3	3	2	2	1	0	0	0	0	0	0	0	2	1	2	4	6	6	9	17	22	24	32	41	53	67	75	82	85	94	100	113	135	154	165	170	182	194	204	206	219	239	239	247	247	253
12:24:08	1	20	83.8	1.25	437.2	437.2				99	93	90	85	80	70	63	58	52	45	36	30	26	20	14	11	8	8	6	5	4	4	3	3	2	2	2	2	2	2	2	3	3	4	4	9	11	12	13	13	10	22	27	36	44	57	75	98	117	139	168	194	217	239	254	268	277	287	300	304	300	310	313	313
12:24:29	1	21	85.4	1.08	436.6	436.6				114	102	93	88	88	81	70	61	53	47	40	34	29	23	17	12	13	9	7	6	7	5	6	6	6	6	8	9	8	7	7	8	5	4	4	7	16	21	28	49	57	62	65	68	69	79	86	98	125	152	169	182	198	212	224	232	242	257	270	277	276	285	291	294
12:24:36	1	22	100.5	1.24	436.6	436.6				54	62	63	61	57	51	46	36	26	13	11	14	13	8	4	2	1	1	1	0	0	1	1	1	2	2	3	3	4	5	7	8	10	12	14	24	36	40	41	35	29	37	16	82	132	155	178	203	216	236	255	270	284	300	309	317	320	324	334	336	329	332	333	333
12:24:54	1	23	133.4	0.70	432.3	432.3				265	265	263	261	253	244	234	223	204	191	175	153	135	121	104	84	73	65	53	46	30	29	31	28	23	26	21	19	22	28	27	17	16	24	29	27	18	25	53	78	86	99	117	127	125	114	132	123	108	130	156	184	202	217	233	259	267	271	270	264	243	266	285	284
12:25:03	1	24	132.2	0.70	430.5	430.5				246	236	225	215	202	190	178	163	150	137	126	111	96	81	77	70	62	51	47	46	45	39	34	29	28	30	33	38	39	40	36	36	39	48	53	55	54	61	67	72	76	82	92	101	104	113	118	127	136	143	149	181	238	266	277	285	288	293	302	303	298	302	303	302
12:25:23	1	25	36.4	1.09	428.6	428.6				95	92	83	61	61	58	52	44	38	32	24	17	15	15	11	6	1	1	3	4	3	2	2	2	2	2	2	2	2	2	2	2	2	2	3	4	5	6	7	8	12	14	16	20	21	24	26	31	31	44	48	53	58	65	74	91	96	100	109	116	116	123	129	139
12:25:30	1	26	60.1	1.33	427.4	427.4				36	35	31	27	23	17	12	9	8	11	10	9	8	6	5	5	4	4	3	2	3	3	4	4	3	3	4	3	3	3	4	4	4	5	7	9	13	17	22	31	35	39	45	41	51	62	85	104	115	125	136	142	135	88	147	199	196	207	240	245	244	250	253	254
12:25:45	1	27	48.5	1.20	427.4	427.4				58	53	47	45	43	41	36	31	27	23	20	16	13	11	9	8	5	5	4	2	2	1	1	0	0	0	1	1	1	1	2	3	3	5	6	8	9	11	12	15	19	26	27	31	43	48	50	57	65	76	87	97	107	118	132	141	150	158	168	175	177	185	192	196
12:26:02	1	28	48.4	1.33	423.1	423.1				46	43	41	36	30	25	21	20	15	13	11	9	4	4	3	2	2	0	0	0	0	0	0	1	0	0	1	1	1	1	1	2	3	3	4	6	9	11	13	17	19	26	32	37	46	55	59	70	77	86	91	101	109	118	128	131	133	158	165	171	197	223	231	234
12:26:11	1	29	39.7	1.24	421.3	421.3				44	44	42	40	37	33	22	18	14	9	6	7	6	7	5	4	3	3	3	3	2	2	2	1	1	1	1	1	1	1	1	1	1	1	2	3	6	8	9	10	13	19	21	28	35	41	53	61	66	72	80	87	94	101	107	113	118	125	136	143	145	153	159	163
12:26:21	1	30	58.9	1.28	421.3	421.3				48	46	36	30	25	20	19	17	17	13	8	6	4	3	4	4	3	1	2	1	1	1	1	2	2	2	2	3	2	2	2	2	3	4	6	7	11	13	16	24	26	28	31	49	72	84	91	101	110	121	130	138	148	160	171	179	186	195	207	215	217	227	233	236
