Created by SunData for Windows Mobile v2.0.0.1
	
Title     :	lai index 2012
Location  :	Cae Canol
	
2015-06-10		
SunScan probe v1.02R (C) JGW 2004/01/19
	
Ext Sensor: BFS
Group   1 :	
	
Time	cae canol 	Sample	PAR	Spread	Total	Diffuse			Notes	1	2	3	4	5	6	7	8	9	10	11	12	13	14	15	16	17	18	19	20	21	22	23	24	25	26	27	28	29	30	31	32	33	34	35	36	37	38	39	40	41	42	43	44	45	46	47	48	49	50	51	52	53	54	55	56	57	58	59	60	61	62	63	 tip 64
	
12:36:22	36	1	1161.4	0.51	1826.3	211.3				1730	1748	1755	1768	1758	1746	1720	1716	1735	1717	1695	1086	256	212	476	996	1401	1634	1716	1701	1543	1018	311	182	740	1464	412	253	733	1631	1681	1665	1240	602	1656	1673	1676	904	1372	1427	1671	1658	1092	491	171	181	432	1466	1683	1664	448	1636	1690	1696	511	1548	1665	1312	177	225	1280	274	347	264
12:36:32	36	2	1412.8	0.34	1822.7	211.3				1741	1751	1755	1762	1744	1266	1674	1686	1707	1688	1381	349	1597	743	373	1570	1130	1609	1724	1710	1679	669	1621	1648	562	525	571	958	227	1441	1696	1694	1694	1648	311	1222	1715	1713	1416	260	1516	1702	1699	1711	1703	1735	1742	1752	1738	1740	1748	1743	1742	1776	1765	1752	1738	1593	845	1006	1701	740	1250	1757
12:36:48	36	3	1482.5	0.33	1820.8	211.3				1741	1753	1754	1765	1758	1740	1710	1420	414	168	248	267	555	1568	1624	1664	1698	1680	595	1682	1721	1546	1611	1699	1581	408	223	953	1662	1013	345	764	1498	1676	1706	1703	1726	1729	1713	1697	1712	1728	1719	1733	1719	1746	1744	1752	1745	1753	1766	1762	1764	1798	1791	1776	1766	1755	1759	1743	1723	1777	1786	1787
12:36:57	36	4	1247.4	0.54	1822.7	211.3				1807	1818	1818	1826	1814	1793	1766	1732	1677	1313	727	255	437	1654	1719	1484	243	150	146	145	170	715	1643	1717	604	1392	1739	1763	1771	1757	1767	1761	1759	1763	1762	1760	1776	1762	1746	1724	1735	1720	597	113	62	108	241	93	453	1712	1816	1807	1797	1524	246	1492	1757	434	481	229	1069	1497	1837	1844
12:37:11	36	5	1429.8	0.33	1824.5	212.6				1809	1822	1829	1840	1838	1822	1799	1774	1794	1778	1784	1774	1774	1126	640	1752	1771	1766	1796	1785	1778	1770	1758	1766	1232	643	1465	1748	1681	1749	1753	1735	1696	339	567	390	373	1687	1727	1716	1737	1680	1370	947	666	764	1047	1163	1359	1610	1536	1704	491	1690	1151	266	642	894	1110	1520	1406	1752	1590	1771
12:37:19	36	6	1285.5	0.47	1821.4	212.6				1787	1798	1807	1815	1810	1792	1766	1743	1649	439	368	1447	1744	1756	1740	1763	1760	1755	1784	1764	1564	1744	1742	1513	1245	1744	1743	1742	1749	1708	380	1004	1728	1747	1748	1745	1756	1746	1724	1659	1354	1733	1725	1738	1702	479	604	1056	296	150	129	394	872	378	155	383	1281	260	202	373	991	549	709	745
12:38:46	35	1	882.8	0.80	1826.3	212.6				1436	1114	915	536	310	268	496	1284	408	1001	200	865	104	67	59	82	53	53	45	41	41	41	41	39	45	52	50	52	56	64	83	97	107	343	600	814	878	1199	1525	1593	1619	1637	1630	1609	1412	1631	1656	1674	1659	1662	1676	1673	1676	1701	1686	1671	1660	1636	1644	1629	1604	1653	1674	1673
12:38:58	35	2	883.0	0.87	1826.3	214.4				1811	1135	1541	1791	1095	453	252	166	131	117	106	96	91	148	135	274	308	136	71	67	60	66	50	46	44	45	56	69	866	222	133	769	85	80	393	459	110	214	294	1139	1704	1746	1746	1762	1751	1779	1784	1795	1779	1781	1792	1787	1789	1821	1805	1787	1780	1766	1774	1755	1725	1769	1536	880
12:39:09	35	3	284.7	1.83	1831.8	214.4				1751	1769	1752	952	1610	1570	1670	1037	1070	933	134	349	346	241	885	160	60	83	47	42	37	31	28	27	26	24	22	22	22	21	20	18	14	12	10	9	8	7	8	11	60	29	11	10	8	10	10	10	7	13	16	20	87	68	28	29	38	465	105	52	58	69	83	100
12:39:22	35	4	200.4	1.51	1833.6	214.4				795	118	99	95	82	88	94	98	295	293	136	423	1057	900	527	256	68	163	818	95	354	672	192	94	36	29	35	60	36	33	29	25	19	15	13	18	16	12	11	9	9	8	7	13	37	43	22	199	31	20	36	26	29	35	40	42	174	66	134	240	1227	1214	194	774
12:39:34	35	5	658.0	1.09	1833.6	212.6				740	1222	964	777	611	249	62	30	27	27	47	33	26	24	23	23	24	23	23	28	24	26	25	23	23	25	45	49	27	30	40	49	59	176	67	69	78	171	779	1009	246	164	482	1483	1621	1659	1621	627	1426	1662	1684	1682	1679	1707	1682	1595	1668	1649	1658	1648	1626	1678	1693	1696
12:39:46	35	6	544.9	1.29	1828.8	212.6				38	34	30	28	32	30	33	26	23	20	21	38	59	15	17	43	28	27	24	29	83	26	49	158	130	259	44	51	60	81	240	1517	1668	1326	1634	1686	1234	1656	1721	1704	1726	1736	1711	1715	1703	1724	1601	1603	386	773	1635	888	751	447	116	78	69	63	57	54	46	38	21	15
12:42:49	44	1	832.6	0.76	1887.4	236.4				952	222	1258	139	103	238	179	996	338	1402	661	666	1533	1705	1687	1705	1700	1680	1406	258	1430	1698	1684	1220	145	125	1129	1684	1687	645	172	1409	1023	1681	1571	785	172	491	1497	1644	1463	393	81	468	779	423	75	67	22	80	111	405	1644	387	102	112	933	1665	1500	141	174	104	195	1245
12:42:59	44	2	1050.5	0.63	1887.4	236.4				1542	227	271	273	1632	1665	1649	1630	1665	1622	848	197	138	188	1544	1659	1660	1653	1682	1671	1668	1666	1618	1532	696	142	526	1256	167	278	686	1595	1638	1640	1639	1319	849	147	1272	1338	651	142	98	92	89	92	96	98	123	102	121	1167	1637	1479	1700	1691	1683	1674	1687	1675	1652	1645	1044	1711
12:43:18	44	3	269.1	1.41	1887.4	236.4				79	85	46	44	42	57	50	51	64	457	1325	142	59	53	50	50	55	66	58	87	57	53	54	67	60	269	783	432	167	742	478	53	48	42	33	26	27	44	37	54	391	1385	1649	1465	386	401	104	78	76	96	100	577	790	694	870	136	225	94	82	82	84	163	670	184
12:43:28	44	4	642.5	0.94	1887.4	238.8				1023	84	68	127	672	371	471	1635	1678	1613	990	297	151	232	333	133	56	57	52	49	61	127	1129	1635	761	104	1067	1669	1679	1656	894	1613	1423	1326	1363	1273	183	812	114	120	769	1426	1665	1693	1637	594	87	79	96	526	633	301	103	524	576	663	102	114	98	71	64	66	69	70
12:48:41	44	5	375.3	1.28	1893.5	241.9				492	158	1265	1676	1242	835	300	315	1251	1072	1538	895	137	95	450	144	89	87	87	86	85	83	81	81	80	81	81	79	79	80	79	80	82	108	1225	208	451	93	85	88	427	103	154	1168	260	95	82	82	134	106	144	80	118	289	81	154	1449	137	71	71	70	166	1419	1641
12:49:01	44	6	472.2	1.34	1888.6	241.9				1780	1815	1820	1826	1691	1534	1793	1580	198	127	579	726	1368	1771	1751	1690	703	124	103	99	97	95	93	90	86	85	81	80	84	85	86	91	441	1078	168	335	86	75	71	68	66	63	59	58	54	52	50	48	75	37	43	44	45	46	45	46	55	93	878	332	154	838	521	72
12:52:41	53	1	1233.2	0.45	1912.4	248.6				882	1669	772	380	141	764	1649	1608	239	306	1533	1626	1685	998	1363	1418	551	1478	1388	212	699	805	1364	1135	1524	541	265	210	700	147	1210	515	351	640	914	1681	1384	375	1525	1682	1704	1701	1306	1717	1713	1745	1747	1757	1743	1745	1755	1751	1750	1776	1758	1674	1100	1717	1738	1723	1701	1752	1761	1761
12:54:03	53	2	1093.3	0.59	1909.3	251.6				917	1544	1156	1421	1340	314	207	278	1046	146	174	1574	1711	1264	1327	1705	1582	405	1405	630	1106	1471	1739	1773	1753	1763	1758	1759	1758	1737	1309	634	1684	1698	379	1281	1753	1758	1743	1730	1748	1725	1491	1614	1752	1737	836	922	1752	1704	911	166	127	347	1246	139	102	98	96	93	90	92	227	229
12:54:19	53	3	1330.2	0.45	1915.4	251.6				1650	1789	1803	1812	1807	1792	1768	1740	1726	1635	296	604	226	490	1360	840	564	330	524	210	153	454	162	1089	197	240	857	788	1213	1679	1695	456	1420	471	1675	1464	1708	1757	1743	1720	1607	570	1717	1759	1752	1782	1788	1795	1780	1781	1788	1786	1783	1812	1804	1786	1770	1756	1764	1754	1731	1781	1791	1795
12:54:29	53	4	1516.6	0.31	1909.3	251.6				903	374	1390	1821	1825	1800	1610	629	1759	1773	1779	1759	1560	1004	1124	770	1746	1638	1007	935	1632	1756	1734	1768	1759	1769	1640	277	728	1720	1665	578	1353	336	307	1628	1767	1762	1658	613	1731	1772	1762	1777	1765	1796	1803	1813	1800	1803	1817	1823	1820	1854	1837	1828	1816	1813	1824	1815	1790	1838	1855	1856
12:54:37	53	5	1251.4	0.49	1912.4	251.6				1715	1478	1708	1779	1670	272	1491	1409	483	160	158	363	1557	1615	229	161	156	205	611	192	174	190	788	1359	1666	605	992	1699	1668	1360	1036	773	1554	1721	1710	1479	1062	1656	308	180	1411	1730	1727	1759	1730	1755	1756	1763	1745	1748	1759	1748	1740	1257	1534	1741	1729	1713	1723	1718	1685	1732	1746	1751
12:54:49	53	6	931.6	0.77	1912.4	251.6				1009	185	186	433	375	679	129	114	106	100	101	345	139	708	234	224	221	92	95	122	130	129	138	150	543	1305	1184	345	1180	955	1379	1644	1732	1585	461	190	656	546	192	526	372	186	984	1720	1733	1768	1775	1788	1772	1778	1792	1790	1793	1826	1815	1803	1793	1785	1794	1780	1758	1813	1824	1818
13:02:37	61	1	220.9	1.51	1887.4	248.6				1343	224	114	382	224	117	890	129	55	42	35	29	22	17	17	20	22	32	241	32	34	38	35	33	34	37	75	196	73	122	1083	649	206	915	554	107	83	102	147	101	86	83	79	79	80	82	85	91	101	297	326	1594	622	343	1009	115	103	74	68	59	48	42	33	29
13:02:43	61	2	266.9	1.42	1891.6	248.6				220	1091	197	133	105	207	212	95	70	48	93	78	47	43	41	38	36	102	641	48	176	31	37	42	158	47	57	80	520	486	163	144	105	540	75	65	59	53	57	60	73	68	56	101	542	112	1038	1640	573	961	293	480	187	837	1693	1266	129	94	107	116	52	51	54	58
13:02:53	61	3	668.4	1.01	1894.7	248.6				254	738	127	95	93	86	186	70	92	73	133	60	65	105	116	92	106	743	160	547	102	97	123	58	46	41	86	46	51	44	47	52	64	84	334	467	1239	327	839	165	213	1449	773	1642	1648	1667	805	1646	1684	1695	1704	1693	1668	1143	1375	1643	1682	1671	1669	1055	1505	1129	1690	1684
13:03:00	61	4	580.2	0.91	1899.6	247.3				1494	806	967	1438	786	1450	659	87	76	766	106	149	67	53	67	537	953	79	50	57	54	230	53	58	122	608	201	227	304	412	112	149	142	175	234	414	1155	760	402	127	127	535	152	129	272	389	739	418	1639	1480	1529	640	1731	569	274	1329	461	586	1223	1543	1444	1420	265	1658
13:03:12	61	5	787.2	0.88	1895.3	247.3				1674	529	1384	633	727	615	100	80	159	1480	133	36	29	24	20	19	18	18	23	58	64	112	49	33	37	58	75	68	193	1117	1229	331	157	110	147	393	313	152	955	1211	1671	1220	1243	642	1502	1724	1739	1747	1732	1737	1742	1714	835	1737	1650	1713	1443	980	1072	1661	1337	1530	1713	1737
13:03:18	61	6	209.3	1.74	1893.5	247.3				241	249	77	66	58	46	44	38	35	31	29	35	28	22	29	16	18	70	14	21	26	16	21	24	27	48	431	41	33	36	37	39	38	36	49	36	33	60	40	116	36	29	28	28	28	40	81	1210	407	255	415	104	882	586	172	142	172	192	318	692	1290	827	1385	1721
13:03:53	62	1	962.4	0.62	1903.2	247.3				1688	1540	1599	1728	1522	1077	1596	494	174	646	1560	1638	1410	844	1093	413	141	417	1519	1550	301	1069	1621	1626	1495	293	367	156	166	364	177	207	702	250	571	198	215	465	225	787	284	1433	1603	1601	1222	364	763	151	159	1341	1614	916	156	538	1612	1584	1015	1600	1617	1604	1585	1634	1647	1648
13:04:07	62	2	1189.8	0.52	1901.4	245.5				1622	1436	1800	1826	1810	1270	1316	1758	1788	1777	1779	1767	1622	1778	1762	1785	1784	1776	1804	1696	255	144	144	458	1712	1774	1747	1079	367	1564	1774	1765	1772	1769	1739	819	563	376	1056	946	185	503	1382	193	1250	1672	1674	1461	786	176	725	155	283	1707	1727	1500	980	287	171	242	791	636	629	1258
13:04:23	62	3	658.1	0.85	1911.8	245.5				1647	1661	1664	1557	229	1170	1178	508	319	1446	1617	1615	1621	1383	649	251	143	106	106	128	1383	1592	1216	174	971	144	275	289	861	233	827	1449	1030	136	174	176	174	135	409	184	134	161	621	616	902	501	278	151	390	163	101	91	86	142	132	820	746	490	158	1277	1494	1346	211	280
13:04:33	62	4	1283.1	0.50	1905.7	245.5				1800	1819	1824	1837	1829	1806	1782	1721	1783	1769	1773	1761	1769	1753	1357	1380	1754	1754	1785	1776	1771	1765	1753	1754	1738	1737	1114	1489	1615	315	1069	1285	178	150	173	152	161	336	906	186	144	744	480	465	78	57	134	1352	1769	1792	1807	1804	1800	1821	1461	236	1053	1740	796	1318	1545	1799	1805	1640
13:04:45	62	5	1092.5	0.57	1908.7	245.5				1497	1757	1737	1834	1347	235	1490	220	1032	1571	698	253	128	303	1056	950	1340	196	265	584	1735	1756	1750	1758	1747	1766	1748	1756	1758	1467	1257	841	1659	328	467	240	1615	1425	597	1663	618	772	853	304	1670	1326	409	1731	1695	357	205	524	254	172	183	524	1404	1738	1726	588	1701	1772	1782	1787
13:04:55	62	6	1397.7	0.41	1912.4	245.5				465	221	193	906	1761	1778	1624	1507	1714	546	456	220	1449	1756	1748	1775	1773	1772	1800	1789	1786	1762	850	863	1496	1299	1533	648	1643	489	1486	1730	1754	1714	1020	809	430	208	355	630	1557	1762	1703	330	1700	1807	1822	1831	1816	1823	1828	1826	1825	1855	1843	1828	1816	1806	1816	1807	1778	1832	1844	1843
13:07:51	58	1	448.5	1.20	1884.3	248.6				449	108	87	127	466	89	72	73	82	87	91	208	1467	326	98	813	622	93	390	1286	108	64	58	57	54	75	61	59	70	90	1122	78	181	59	58	55	56	145	1271	142	74	483	183	89	309	1597	1635	1643	1588	290	451	1228	1617	1238	205	293	1203	302	109	106	108	158	1349	1554
13:08:02	58	2	595.4	1.01	1883.7	250.4				131	687	1717	1413	580	581	993	1625	302	90	174	83	74	85	769	591	1358	317	78	65	134	68	111	182	168	65	68	353	667	802	481	107	68	92	420	237	104	107	95	66	105	1166	1059	134	703	1649	249	1660	1747	1749	1755	1359	133	197	133	109	349	507	132	533	1593	1774	1810	1397
13:08:22	58	3	1085.9	0.56	1885.5	250.4				1754	1776	1788	1797	1774	859	600	1493	1741	1718	1231	501	1545	409	146	315	1470	1521	651	1318	1523	1693	345	365	830	1716	1725	1706	497	1355	1698	495	258	427	1688	1703	671	968	704	183	433	451	510	1685	1700	1390	212	133	160	556	611	1216	1736	1730	375	1475	1573	389	207	1551	1701	1756	1753	1238
13:08:32	58	4	752.8	0.82	1884.3	250.4				110	113	111	158	494	1229	1650	1514	609	576	1671	1692	1714	1711	1180	1620	1412	193	262	1510	1713	1711	1699	1701	1688	1604	305	1161	1626	701	1171	835	870	1557	949	300	454	513	179	167	881	975	333	114	107	94	108	115	120	228	896	612	1005	306	133	131	303	440	294	110	104	131	111	101
13:08:56	58	5	333.1	1.33	1895.3	251.6				241	68	67	71	599	93	84	1191	386	117	75	72	79	122	255	81	78	92	81	184	73	78	154	201	218	150	313	1544	328	98	722	97	74	72	74	74	77	82	87	245	90	87	87	88	89	92	157	236	99	145	538	985	250	690	139	142	103	152	1447	1655	1442	1652	1170	990
13:09:04	58	6	539.1	1.01	1892.2	250.4				254	111	125	515	1423	768	115	150	954	765	1619	976	129	99	256	241	85	86	104	88	82	83	115	953	1530	1682	1670	1666	1601	1270	533	106	89	93	85	90	319	979	256	1323	1543	1024	225	253	503	115	51	53	487	159	76	394	288	630	1424	895	192	202	1430	355	108	90	104	513
13:09:37	57	1	1032.7	0.55	1898.3	251.6				1623	1699	1577	306	1060	265	236	530	820	1147	454	391	1371	1075	1174	773	1020	397	208	751	302	1529	506	924	1612	1428	1653	1662	1593	216	127	456	412	133	128	273	318	1363	829	241	1323	940	1629	1652	1629	645	509	1656	1652	1610	863	1662	1679	1703	1684	1637	1409	1576	526	1553	1593	1233	1507	1644
13:09:44	57	2	999.7	0.60	1906.3	251.6				282	1232	1566	1740	1832	1808	1707	766	363	491	274	364	1217	1496	391	326	347	1699	1688	452	546	842	1152	1451	229	500	989	296	1163	1779	1794	1622	301	763	1732	1595	411	1724	696	1036	1250	254	969	1535	352	1582	1794	1798	1218	1706	1339	494	357	333	172	264	496	1211	282	1699	1709	1778	579	147
13:10:01	57	3	1134.4	0.55	1901.4	253.4				1273	1748	1611	748	1357	217	883	429	152	94	100	118	187	202	204	210	1263	1657	732	1629	577	857	1632	824	1643	1612	569	212	1152	284	500	148	350	215	428	1509	1712	1706	1699	1689	1705	1728	1708	1718	1708	1724	1725	1739	1728	1719	1726	1433	1708	1746	1728	1710	1699	1682	1696	1682	954	1200	1218	1090
13:10:11	57	4	734.7	0.88	1904.4	253.4				435	192	179	233	281	319	478	457	488	619	1238	1462	744	169	132	126	120	121	154	223	164	1015	604	1271	1541	1657	445	753	1717	1749	1756	1742	1740	1633	424	1729	1800	1784	1287	228	1011	1764	1765	1783	1758	1508	476	168	155	154	223	877	196	199	324	114	96	81	65	34	31	489	465	76
13:10:18	57	5	973.0	0.66	1904.4	253.4				1717	1727	1736	1751	1747	1735	1715	1693	1702	1691	1690	1714	1684	397	451	1044	1147	668	167	266	220	427	152	1117	895	1610	1443	285	918	567	1235	272	126	143	148	197	383	218	213	129	129	135	218	175	143	222	1578	1649	1193	357	1310	937	1323	1676	1670	1518	1395	1626	1606	1091	737	1162	1643	1644
13:10:32	57	6	1165.2	0.59	1908.7	253.4				669	1890	1919	1926	1920	1898	1877	1856	1867	1301	1838	1852	1865	1861	1815	1779	1557	286	537	527	1156	1541	1069	280	176	1267	1792	1288	219	814	1805	1825	1837	1829	1834	1836	1842	1675	1616	1293	1795	1812	1803	1281	656	449	345	116	342	1079	180	880	1367	176	130	586	1763	771	575	119	87	97	59	70
13:11:10	56	1	1014.3	0.63	1915.4	253.4				1694	1712	1718	1726	1686	404	1610	987	147	398	1636	1630	937	143	127	116	115	122	155	618	267	1482	613	176	1440	421	107	192	678	215	1517	1233	578	1603	310	1281	1635	1394	1679	1666	1684	1698	1568	779	196	172	605	1678	1714	1727	1737	1701	898	1735	1665	1452	1093	641	1492	250	1568	1703	784	212
13:11:17	56	2	1146.5	0.55	1916.7	253.4				1783	1774	1673	1361	862	423	231	261	471	721	1497	1721	1744	1724	1063	143	934	1650	1727	1721	1724	1704	1597	230	899	1072	194	129	126	141	298	1621	1662	1163	417	158	1152	1699	1695	1556	539	1674	1719	1730	1719	1659	286	543	962	281	420	1732	1582	1304	1786	1787	1770	1759	1653	1683	1717	1596	586	173
13:11:22	56	3	1058.3	0.62	1916.7	253.4				1766	1091	516	1704	1475	1803	1793	1770	1787	1767	1772	1767	1767	1633	1729	1768	1676	300	370	1694	1732	1742	1701	902	573	174	143	150	813	372	274	467	1552	1301	439	226	300	821	180	1493	1554	231	1520	383	171	1256	1533	1405	179	332	1420	1740	1735	1757	1570	1410	382	304	243	123	1216	191	343	1432
13:11:30	56	4	833.1	0.77	1923.4	253.4				1021	336	255	1363	1792	1798	1778	1748	1766	1750	1752	1755	1766	1774	1755	1746	1618	1575	1496	1335	1191	1062	947	692	220	168	368	381	466	243	155	143	142	140	141	219	871	588	333	134	256	121	177	106	148	877	324	604	313	225	250	837	1152	303	1186	1694	1763	1721	420	519	317	164	868	193
13:11:44	56	5	713.0	0.89	1915.4	253.4				1192	1759	1772	1790	1761	1727	1699	1329	188	139	137	175	194	1220	209	128	124	163	341	128	124	607	140	121	116	111	188	290	105	108	160	125	209	729	108	201	116	192	1176	1273	1618	1648	1632	1633	1258	315	1083	1654	1381	221	416	239	171	181	330	468	1630	1637	847	1551	1171	952	193	1034
13:11:52	56	6	1015.5	0.74	1912.4	254.7				1890	1912	1920	1929	1925	1905	1880	1853	1871	1856	1858	1852	1859	1850	1762	454	170	253	268	144	138	142	280	883	180	122	115	116	346	126	521	121	459	1417	243	132	272	625	1718	1738	1766	1746	1657	1770	1735	587	269	1773	1720	440	1794	1615	212	238	1401	1761	1554	1437	1256	674	244	140	78	22
13:13:19	48	1	550.2	1.20	1916.7	252.8				104	317	519	53	58	81	20	22	28	188	40	33	49	813	60	23	24	23	28	42	23	20	20	23	35	21	15	21	38	47	53	55	62	81	71	87	544	807	289	242	841	331	517	1405	1637	1667	1438	1671	1670	1679	1684	1685	1676	1704	1693	1674	1546	254	1351	624	245	1479	1508	157
13:13:26	48	2	581.3	1.08	1924.6	253.4				46	42	42	40	37	35	31	30	31	30	27	26	25	48	194	84	69	67	40	31	33	33	36	41	165	92	942	143	566	1287	1254	999	94	82	187	300	1621	1496	1705	1712	1737	1760	1749	1767	1544	1069	1004	133	537	1516	835	1625	397	1399	1474	695	543	1067	476	883	546	327	219	146
13:13:35	48	3	384.8	1.29	1918.5	253.4				156	155	255	1353	1118	93	57	40	34	31	65	37	76	36	78	571	64	46	51	165	40	47	39	43	342	96	51	223	44	48	52	55	62	69	74	76	81	93	505	1401	1435	1702	1549	425	1279	378	1687	1151	1116	877	691	740	149	141	905	993	139	274	120	805	55	34	29	32
13:13:43	48	4	770.1	0.91	1916.7	253.4				79	68	62	67	67	84	132	46	37	75	59	33	31	33	45	106	38	53	61	59	677	1507	139	74	90	539	527	1400	1464	515	976	1726	1759	1761	1770	1772	1780	1759	1081	601	331	967	1394	1223	1636	400	1661	1791	1789	1789	1789	1235	1769	1812	1540	611	167	185	1631	704	405	390	330	586
13:13:49	48	5	415.9	1.29	1915.4	253.4				143	136	120	157	105	169	170	195	185	293	395	113	137	50	58	103	30	31	51	28	24	25	28	34	41	47	57	556	298	67	67	70	76	93	88	198	153	106	141	476	1336	1159	143	133	516	772	612	1579	297	293	301	351	151	544	358	162	1021	1301	1688	1696	1681	1728	1738	1742
13:13:57	48	6	436.7	1.20	1912.4	253.4				64	59	57	55	56	357	199	62	299	139	454	311	54	38	53	92	194	80	51	51	60	455	186	151	400	1593	791	98	102	229	1337	1147	1684	1695	1695	1674	736	467	1605	862	1554	1207	296	901	127	145	1173	455	179	39	225	215	46	27	95	98	99	175	419	411	107	92	91	88
13:16:29	50	1	566.9	1.24	1911.8	253.4				54	188	54	47	53	376	60	33	29	28	29	85	22	19	21	17	13	10	10	11	31	13	10	11	12	14	22	472	51	17	19	29	38	35	38	55	62	67	88	617	524	118	351	1199	1274	1671	1694	1461	1679	1596	1621	1130	1589	1460	1713	1702	1688	1682	1552	1023	1623	1689	1686	1702
13:16:39	50	2	251.0	1.75	1909.3	253.4				56	168	48	42	37	31	26	24	21	32	19	17	15	15	14	12	11	12	11	11	17	10	14	17	25	33	36	37	94	38	34	44	117	61	67	77	91	117	109	120	159	824	1580	1696	1632	656	1165	348	1229	578	1545	749	601	538	119	107	105	96	95	94	93	96	94	91
13:16:45	50	3	231.2	1.73	1907.5	253.4				127	1287	641	383	106	58	54	53	173	597	47	38	40	318	34	68	27	24	24	23	24	23	22	24	24	31	37	43	47	53	58	66	68	70	72	78	89	228	1544	1634	1626	761	602	1186	732	184	120	97	84	69	59	59	112	76	76	45	41	37	34	31	32	324	27	21
13:16:55	50	4	911.0	0.82	1912.4	253.4				35	33	31	30	29	67	105	66	32	42	605	118	203	848	59	121	77	436	143	242	36	34	35	42	217	1249	1533	404	697	1675	1723	1487	1732	1736	1750	1753	1766	1765	1757	1737	1759	1778	1757	1767	1763	1793	1785	1796	1776	1633	1648	1783	1670	1277	1783	1520	596	922	1302	225	303	148	471	600
13:17:05	50	5	59.3	1.36	1916.7	253.4				34	33	29	26	22	74	21	15	14	13	11	10	10	10	10	9	8	7	9	8	8	9	12	17	41	23	27	30	29	24	29	260	37	108	191	214	361	461	46	50	52	51	50	49	127	137	59	62	48	48	140	96	47	52	46	42	40	40	40	39	38	60	40	40
13:17:13	50	6	719.4	1.10	1913.6	253.4				24	23	21	19	18	16	14	11	10	11	10	19	8	9	22	8	57	8	8	7	6	8	13	91	91	20	37	40	34	73	140	42	111	380	160	1045	1264	981	426	1538	1742	1750	1557	1520	1746	1786	1788	1799	1780	1784	1798	1804	1803	1833	1780	667	1774	1793	1802	1780	1610	689	1309	1528
13:18:12	51	1	671.1	0.97	1923.4	253.4				99	216	1077	107	415	1585	1615	303	76	346	1614	1675	1684	1679	1417	158	283	972	229	706	272	1296	1657	1396	239	195	371	391	759	1611	1662	1480	1563	1648	1643	1466	985	363	507	315	1552	1653	1574	242	89	83	84	78	76	76	82	80	306	98	81	81	78	73	96	69	90	93	81	62
13:18:20	51	2	589.7	0.98	1922.8	253.4				117	111	107	120	637	1530	563	99	82	84	118	248	420	781	408	167	92	113	376	637	744	430	158	439	91	85	82	82	104	569	220	92	125	622	874	114	87	237	151	697	1162	1405	974	1405	1380	1627	1730	1727	1674	268	315	1471	258	100	94	97	119	1238	1712	1704	1060	174	1482	1754
13:18:31	51	3	860.1	0.76	1920.3	253.4				1169	1709	1714	1370	143	110	102	104	133	210	1101	327	214	426	218	1552	1688	1692	1691	1138	1632	914	1658	858	913	1668	1663	1158	118	74	117	834	570	123	101	107	179	95	114	294	846	1664	1541	206	448	450	128	515	1657	1704	1719	1715	1712	1742	1720	1584	1406	200	142	705	1579	983	139	545
13:18:45	51	4	975.6	0.75	1931.3	255.3				667	544	252	102	96	95	95	94	106	97	204	562	1681	1715	1504	181	866	1698	1748	1737	1735	1734	1710	1210	412	1433	1719	1733	1743	1760	1662	211	118	128	1017	1037	1393	288	139	137	126	123	122	168	1582	1776	1784	1805	1792	1798	1817	1809	1747	1298	375	151	143	147	356	1066	1579	1807	1850	1853
13:19:03	51	5	276.8	1.56	1930.7	256.5				90	97	597	153	88	87	101	667	96	103	872	1541	489	92	314	101	85	121	109	483	69	61	57	54	51	49	48	47	47	48	85	58	51	51	51	52	49	39	44	89	951	159	75	133	681	1650	1671	1557	1475	445	94	78	78	112	497	98	73	71	71	71	71	75	73	71
13:19:15	51	6	749.3	0.79	1926.4	256.5				279	608	978	133	1360	1174	117	73	509	529	176	54	49	51	67	107	335	48	166	55	89	971	1513	1177	143	96	111	146	456	692	1419	149	1269	1634	1661	1384	1240	1045	1084	502	216	765	1370	1675	1697	1722	1605	383	1379	1691	678	877	142	128	152	1239	1128	769	1456	1710	1530	1235	657	103
13:20:56	46	1	982.6	0.74	1915.4	258.3				141	121	112	158	231	99	108	73	67	87	327	76	67	83	99	117	82	1038	130	77	68	67	83	538	1399	998	383	821	463	1328	383	1609	1651	1645	1271	1620	1594	1680	1669	1655	1676	1658	468	1330	1678	1719	1729	1724	838	1729	1748	1737	1728	1762	1741	1730	1717	1704	1707	1696	1672	1724	1727	1728
13:21:11	46	2	766.4	0.97	1923.4	258.3				1633	944	193	145	162	165	235	105	98	92	210	308	76	69	69	69	81	67	69	70	66	64	64	87	108	179	77	203	185	81	87	261	1294	1552	1462	384	293	145	202	721	1375	1239	838	563	522	524	812	1409	1793	1825	1838	1837	1838	1870	1857	1845	1832	1830	1839	1823	1797	1854	1860	1857
13:21:21	46	3	1584.2	0.22	1923.4	258.3				778	1009	1747	1773	1785	1776	1541	976	1744	1474	1741	1485	321	346	1431	1752	1749	1746	1773	1760	1757	1753	1745	1746	1729	1741	1733	1748	1750	1741	1740	1725	1729	1734	1708	1186	1299	1716	1709	1259	1662	1710	1730	1737	1728	1753	1753	1759	1745	1748	1758	1748	1745	1771	1749	1730	1679	657	1688	1690	744	1703	1724	1725
13:21:27	46	4	1786.7	0.12	1920.3	258.3				1828	1836	1818	1531	285	1725	1818	1813	1837	1822	1827	1822	1840	1841	1815	1834	1830	1826	1859	1854	1853	1843	1830	1837	1818	1833	1829	1837	1841	1828	1832	1816	1834	1838	1837	1837	1841	1765	1117	1561	1809	1828	1819	1832	1825	1854	1858	1866	1847	1856	1867	1861	1863	1897	1883	1869	1855	1844	1852	1840	1769	1685	1806	1777
13:21:34	46	5	411.0	1.23	1910.6	258.3				167	106	92	88	83	75	56	64	68	58	60	63	85	379	113	74	72	80	90	233	958	1405	255	1127	919	1702	1221	178	189	1241	1708	1417	336	256	1391	1699	885	318	163	143	216	1240	1123	183	345	679	1097	223	125	112	110	108	103	101	99	95	85	76	72	71	82	143	117	85
13:21:42	46	6	812.3	0.88	1910.6	258.3				106	96	106	111	139	179	88	81	90	122	79	76	73	72	76	75	72	75	129	107	99	114	103	146	135	131	238	1297	1709	1722	1729	1714	1718	1723	1728	1727	1740	1733	1716	1701	1723	1733	1722	1736	1708	683	712	1742	1725	1333	479	246	653	1310	1155	606	1476	210	288	591	1050	1415	1486	1331
13:23:49	42	1	694.8	0.84	1970.4	244.3				426	197	287	364	1074	619	1236	278	1118	1744	1538	1601	185	620	999	1741	1644	930	756	344	1391	1662	568	1218	1705	1699	533	981	1501	164	123	132	593	223	125	123	163	495	243	1315	190	227	275	135	250	1672	1694	354	1323	1676	1153	369	216	147	125	281	127	819	126	98	134	253	89	80
13:24:01	42	2	1072.4	0.61	1977.7	245.5				1789	1806	1798	1809	1818	1800	1782	1762	1780	1743	544	537	1708	898	196	434	515	188	312	669	1195	1600	1699	883	1708	1734	1719	1644	1081	168	173	297	135	114	111	116	173	491	1177	1202	194	1116	1692	1724	1725	1757	1761	1759	1582	501	159	257	1367	1785	1774	1579	1259	1621	1427	519	546	171	585	473
13:24:19	42	3	884.4	0.73	1974.6	247.3				1737	1710	1740	1758	1766	1748	1729	1702	1706	1332	1703	1691	1431	523	558	761	1536	1668	1690	1146	462	243	1546	752	145	128	211	118	187	833	138	101	102	109	227	513	163	284	128	163	779	550	143	119	119	356	1606	635	324	1590	1095	1304	1645	1699	1566	1036	177	132	945	1372	733	1461	241	789
13:24:29	42	4	708.5	0.88	1969.1	248.6				1298	1669	1799	1818	1813	1800	1782	1760	1780	1765	1762	1687	904	237	163	163	255	633	810	749	634	175	726	1157	153	135	313	492	1239	1206	747	159	110	116	404	346	90	240	77	59	62	529	96	117	59	52	58	61	57	69	132	741	149	341	495	578	588	763	810	1310	732	1251	1495	1577
13:24:42	42	5	875.6	0.63	1965.5	248.6				310	231	109	347	116	401	1636	726	201	275	137	949	1645	932	1274	181	526	1112	916	935	1022	1065	1193	1662	875	165	192	1161	346	844	466	172	1191	1739	1742	1010	326	1467	488	160	786	190	1093	1594	214	162	305	1406	1673	299	1480	1105	227	994	1769	1764	1749	1269	1662	1414	1217	1272	1158	994
13:24:52	42	6	1022.2	0.64	1965.5	248.6				1009	510	320	290	188	402	1345	1681	1677	1260	250	268	231	596	461	348	165	161	161	162	159	157	154	152	151	307	281	1612	1469	1050	1712	1708	1720	1651	1300	242	192	687	1578	1708	1738	1755	1741	1751	1736	1117	1701	1780	1764	1770	1776	1771	1769	1785	1221	1513	944	749	1712	772	1042	777	1530	1738
13:26:07	39	1	1058.2	0.61	1959.4	244.3				1612	1664	1739	1621	522	1609	1544	334	534	496	183	488	357	1651	1235	1374	164	503	1391	1681	1688	1657	531	286	1471	235	738	303	162	145	146	175	207	183	157	228	351	1408	1495	320	233	176	931	1654	1662	1691	1687	1660	1684	1687	1697	1685	1439	514	1671	1684	1679	1668	1670	1668	1655	1681	1685	1683
13:26:18	39	2	998.0	0.66	1965.5	244.3				1074	1788	1791	1805	1813	1796	1540	636	444	1582	1765	1732	511	372	1699	1753	1107	550	1341	991	162	151	369	949	262	517	1412	1386	1411	1530	1494	1687	1167	1579	1421	1668	1745	1737	1718	1697	1715	1729	1700	774	109	378	642	136	111	108	103	98	95	94	93	153	1004	1267	1519	1138	520	101	72	68
13:26:29	39	3	958.7	0.72	1977.7	244.3				1692	1615	1667	1242	900	816	235	1244	207	110	102	111	144	95	87	85	87	90	96	100	110	285	391	1635	1636	788	1027	1719	1701	1418	1247	364	783	888	510	1685	1751	1732	982	212	585	1418	1680	1755	1748	1771	1781	1785	1772	1774	1781	1762	1287	1796	1800	1752	1693	760	248	205	183	144	154	137
13:26:41	39	4	677.6	0.72	1983.2	244.3				1323	213	516	1299	736	259	134	122	292	182	1003	1437	1469	947	314	248	1341	972	363	262	267	173	659	127	114	141	265	419	431	144	843	1676	1675	1231	465	273	703	877	243	839	1618	1734	1221	666	989	953	394	243	640	1203	1532	491	679	77	181	791	49	389	221	884	588	1313	312	1200
13:26:49	39	5	505.6	0.97	1975.3	244.3				1727	1716	986	169	409	947	304	1556	254	617	958	835	287	373	123	485	785	191	109	104	196	1369	697	425	105	107	295	90	83	76	80	85	109	320	94	97	187	1237	795	346	275	339	123	1220	1643	1226	237	465	245	140	116	255	148	288	708	1309	1635	329	131	145	146	123	253	1137
13:27:02	39	6	389.4	1.42	1971.6	244.3				1712	495	622	1735	1767	1755	1727	1702	1691	505	358	562	163	360	586	108	174	412	1444	301	89	84	83	83	80	74	67	54	35	46	53	56	67	68	62	285	703	112	49	44	44	43	52	415	45	35	19	19	16	17	260	61	325	71	104	56	40	53	560	1582	390	61	195	90
13:27:50	40	1	982.4	0.63	1974.6	242.5				111	114	120	249	1621	1343	1188	515	549	1403	1686	1470	208	132	126	137	548	1139	1472	1565	247	186	1191	1614	1657	1664	1655	1498	504	1568	380	1269	350	347	1637	1676	1687	1677	1001	1429	932	349	1112	1662	1244	216	1606	1706	1692	1684	1211	209	937	1464	1635	1668	1644	1209	149	308	593	79	76	557
13:27:57	40	2	1108.6	0.58	1977.7	242.5				1583	492	134	111	164	152	806	1611	615	1712	1744	1743	1755	1756	1736	1755	1744	1727	1060	394	1532	1409	681	260	795	208	131	158	1032	1697	888	1708	1708	557	1121	218	171	1346	1731	1723	1745	1762	1744	1715	422	691	1660	1752	1017	401	184	123	547	1710	1787	1657	975	165	1409	1772	1760	1695	1657	742
13:28:07	40	3	971.9	0.68	1975.3	242.5				106	70	72	73	66	78	75	85	105	637	1177	260	110	142	1375	706	104	96	166	1184	1424	1682	1568	645	582	1668	1706	1720	1723	1716	1721	1706	1711	1720	1721	1715	1719	1710	1218	452	1671	1704	1676	1700	1618	564	476	1445	1276	780	1679	1681	1618	353	391	981	615	1145	171	579	155	783	1384	1247
13:28:23	40	4	1420.9	0.37	1968.5	241.9				1133	1394	567	1317	168	187	177	242	298	238	120	389	1508	1734	1718	1724	1463	555	488	1438	1354	1334	1309	1388	1516	1587	1643	1734	1750	1739	1745	1727	1741	1743	1743	1747	1665	1702	1680	1702	1737	1756	1742	1754	1708	1564	1612	1789	1765	1765	1668	1715	1775	1812	1800	1780	1771	1760	1769	1755	1672	1721	1662	1682
13:28:36	40	5	704.3	0.81	1967.3	239.4				1214	218	275	355	99	261	316	187	587	95	111	87	84	90	143	446	1355	1041	341	1629	849	180	504	289	131	601	1351	1650	1123	196	995	1636	1345	790	1638	1617	1157	1596	1474	1291	1565	1538	280	744	739	194	287	1287	1195	1520	1629	1640	397	420	127	117	154	198	286	623	288	111	296	97
13:28:52	40	6	897.6	0.73	1963.7	239.4				114	104	122	770	1563	990	99	82	86	82	76	77	302	1115	117	256	1574	1680	1712	1704	1438	204	1092	116	207	1284	1664	1697	1710	1702	1654	610	1554	1570	1706	1713	1698	769	363	523	1668	1706	1692	1539	996	1287	1073	680	272	188	132	124	114	113	129	777	1718	1791	1305	458	1331	780	251	1426
