Created by SunData for Windows Mobile v2.0.0.1
	
Title     :	lai index 2012
Location  :	Cae Canol
	
2015-05-20		
SunScan probe v1.02R (C) JGW 2004/01/19
	
Ext Sensor: BFS
Group   1 :	
	
Time	cae canol 	Sample	PAR	Spread	Total	Diffuse			Notes	1	2	3	4	5	6	7	8	9	10	11	12	13	14	15	16	17	18	19	20	21	22	23	24	25	26	27	28	29	30	31	32	33	34	35	36	37	38	39	40	41	42	43	44	45	46	47	48	49	50	51	52	53	54	55	56	57	58	59	60	61	62	63	 tip 64
	
11:45:11	256	1	701.2	0.02	760.7	736.8				658	670	674	681	683	681	677	678	682	679	683	685	692	691	687	694	694	694	708	705	705	703	701	704	700	703	700	704	708	703	706	702	703	708	705	703	707	705	700	695	700	709	707	708	711	714	715	717	719	718	719	716	715	727	722	716	713	713	715	702	691	718	714	722
11:45:15	256	2	699.8	0.02	764.9	741.7				652	666	669	677	678	678	674	672	679	676	683	683	688	690	688	692	692	696	708	704	703	701	700	704	697	703	700	704	707	703	706	703	702	708	707	705	705	707	698	695	700	708	704	711	711	713	712	716	718	719	718	715	712	726	722	714	710	712	711	699	688	714	713	719
11:45:22	256	3	702.5	0.02	761.9	741.7				652	664	670	677	678	676	673	675	682	679	683	683	691	693	690	692	695	696	709	706	705	704	703	706	701	706	703	707	711	706	710	704	707	711	709	708	711	709	704	701	701	712	710	713	714	717	718	720	722	721	722	717	717	730	727	718	714	714	715	704	692	718	716	722
11:45:25	256	4	705.8	0.02	766.1	746.0				658	670	674	681	684	682	678	679	683	683	687	689	695	696	694	698	699	700	713	710	709	708	707	710	706	710	707	709	714	709	711	710	710	714	713	709	714	712	707	702	705	713	710	715	716	719	720	723	725	725	725	720	719	733	728	721	716	717	718	706	693	721	719	725
11:45:28	256	5	705.4	0.02	766.1	749.1				656	668	674	683	683	681	677	679	683	682	686	687	694	697	694	698	698	700	712	709	707	708	707	710	703	710	705	709	714	709	711	709	707	711	712	708	712	710	707	701	705	713	710	716	717	720	719	723	723	725	725	722	719	733	729	721	717	719	719	706	695	721	720	726
11:45:30	256	6	706.5	0.02	768.0	752.1				655	668	676	681	683	681	677	679	685	683	686	689	695	697	694	698	698	700	713	710	709	708	707	709	703	710	707	712	715	710	711	707	710	715	713	711	715	715	707	703	708	714	713	716	718	720	722	725	726	726	726	722	722	734	731	722	719	719	719	706	695	725	719	726
11:45:33	256	7	706.0	0.02	768.0	752.1				656	668	673	681	683	681	675	679	683	682	687	689	695	696	692	697	698	700	715	709	710	708	706	708	703	708	709	709	717	709	711	709	710	714	712	708	714	712	707	701	704	716	713	716	717	720	720	724	725	726	725	722	721	734	731	721	719	719	720	708	695	725	721	728
11:45:35	256	8	706.4	0.03	766.1	750.9				652	666	669	677	680	679	674	676	682	681	686	686	694	694	692	698	698	700	715	712	707	709	707	709	706	710	707	712	715	712	712	710	710	715	713	712	716	713	707	705	708	716	713	719	718	721	722	727	726	727	726	723	722	734	731	723	720	720	720	709	696	724	720	729
11:45:37	256	9	706.8	0.02	769.2	753.9				656	670	676	683	684	685	678	680	685	682	687	687	695	697	694	698	699	700	713	710	709	708	707	709	703	711	709	711	714	710	714	710	711	715	713	711	715	712	708	701	707	716	713	717	720	721	722	725	726	726	726	723	722	734	729	723	719	719	719	706	695	724	720	726
11:45:40	256	10	706.6	0.03	771.0	757.0				653	664	669	679	678	679	674	678	682	679	684	686	695	697	694	698	698	700	713	710	709	708	707	709	703	710	709	711	715	710	714	710	713	715	715	712	715	713	708	702	707	717	713	717	720	721	722	725	726	727	726	723	722	736	732	723	720	720	722	710	697	725	723	731
11:46:32	40	1	575.1	0.13	764.9	764.9				562	576	582	600	603	604	603	606	615	617	622	625	633	636	636	640	638	638	648	645	642	633	623	609	591	592	593	603	630	640	641	633	624	617	596	566	557	562	559	575	602	617	614	616	607	598	595	595	588	582	577	566	550	544	517	489	465	439	414	387	342	353	373	361
11:46:41	40	2	633.2	0.11	766.8	766.8				426	439	411	408	466	503	524	550	570	584	594	593	593	595	602	613	617	626	644	644	645	647	649	652	648	655	652	656	663	661	664	664	666	670	666	664	662	656	651	651	661	674	672	678	678	680	681	682	681	676	671	669	675	692	694	691	691	692	694	683	668	696	699	706
11:46:49	40	3	625.3	0.06	769.2	769.2				592	606	613	622	625	627	625	629	637	638	640	644	651	653	649	654	652	653	663	659	654	646	637	630	627	623	611	601	591	572	587	580	635	664	671	665	665	655	644	619	622	632	634	641	652	664	663	657	624	530	495	605	622	647	662	660	638	631	614	600	586	599	552	487
11:46:57	40	4	654.0	0.05	769.8	769.8				536	551	566	579	589	606	615	621	625	623	618	608	618	631	627	621	629	641	656	658	659	658	653	651	656	662	661	662	666	664	667	665	667	675	678	677	680	679	675	673	676	686	683	686	684	684	678	680	682	683	682	676	673	681	673	672	666	670	680	674	666	692	692	696
11:47:03	40	5	581.0	0.12	0.0	0.0				589	597	602	606	607	603	590	582	573	558	549	536	536	542	545	556	567	578	600	608	614	618	622	626	624	627	619	613	594	468	491	552	538	500	547	583	617	629	633	634	639	646	640	647	648	654	658	664	664	658	656	640	620	606	584	589	579	565	544	495	396	382	379	361
11:47:14	40	5	495.1	0.22	775.9	768.0				571	581	588	595	595	595	589	589	587	578	576	569	569	560	545	548	545	544	557	550	546	548	554	565	566	569	566	578	587	578	562	532	514	520	513	472	412	450	529	538	537	530	512	490	440	468	454	379	316	483	544	551	535	472	400	409	264	337	359	288	199	107	202	288
11:47:26	40	6	607.2	0.14	783.8	758.2				597	608	611	618	614	611	603	597	599	606	613	615	619	617	605	604	592	597	619	627	639	650	653	659	656	664	662	666	668	664	664	656	656	656	652	646	640	625	606	586	577	582	578	579	575	615	646	667	675	685	683	679	677	685	676	653	611	561	545	502	422	339	258	252
11:47:57	39	1	629.8	0.09	797.9	771.0				548	559	560	565	559	554	546	539	532	515	518	558	580	571	543	539	587	597	599	594	590	602	609	615	620	634	635	642	652	651	655	661	666	671	671	669	672	670	660	651	650	656	653	660	663	671	677	685	688	689	687	683	682	698	694	687	684	687	685	673	660	684	677	676
11:48:05	39	2	623.4	0.07	796.1	771.6				536	548	555	563	563	561	557	563	563	558	575	584	595	602	605	613	617	622	637	638	638	638	638	637	632	632	625	624	619	604	588	564	546	555	571	595	604	603	607	613	622	633	636	650	656	661	668	678	681	683	685	683	682	698	696	687	682	684	684	669	657	681	677	680
11:48:13	39	3	659.0	0.06	796.7	777.7				610	619	618	618	621	625	625	627	632	627	632	630	630	628	624	627	626	627	637	636	634	632	633	633	628	632	629	628	624	613	606	605	612	626	634	644	658	670	676	680	686	681	668	687	691	688	671	625	684	714	722	726	726	742	739	730	725	730	729	716	701	728	724	729
11:48:29	39	4	621.3	0.10	802.2	796.7				519	529	533	533	533	529	535	543	553	551	556	561	569	574	573	578	572	566	577	584	589	574	547	544	553	573	578	583	602	612	626	634	643	655	660	668	680	687	686	686	693	706	706	712	714	717	713	716	717	715	712	704	697	702	687	672	661	659	652	636	604	597	593	631
11:48:38	39	5	602.7	0.05	810.1	808.9				606	618	618	623	619	611	597	582	576	562	555	543	537	544	572	599	613	631	638	598	578	614	634	645	642	647	639	633	626	610	598	580	577	591	596	597	606	604	592	576	570	571	563	567	577	586	591	600	605	607	610	609	611	622	622	615	611	614	616	611	605	640	652	671
11:48:46	39	6	571.0	0.21	811.9	811.9				636	652	656	666	667	663	659	659	661	657	656	652	662	662	659	658	657	659	670	663	660	656	648	637	622	620	613	620	624	620	613	594	582	568	536	505	496	526	537	545	552	570	578	588	592	594	592	593	588	582	574	562	548	547	528	502	479	446	402	336	278	203	145	167
11:49:28	42	1	735.0	0.05	873.0	873.0				688	704	711	720	721	720	717	720	727	726	730	731	735	743	744	747	750	752	768	766	766	763	759	762	754	754	748	753	744	728	717	698	683	667	637	599	611	690	723	724	741	757	763	774	779	783	782	785	786	786	784	777	775	784	777	764	757	753	745	723	700	710	688	670
11:49:35	42	2	731.5	0.06	880.9	880.9				670	686	695	701	702	698	695	701	707	707	715	717	727	730	729	736	738	742	757	758	752	751	750	755	750	753	750	752	750	734	733	727	729	728	717	669	658	686	716	734	754	770	764	770	769	749	673	613	631	653	669	685	712	747	766	774	785	797	805	795	783	814	815	823
11:49:44	42	3	756.3	0.07	892.5	892.5				711	728	738	747	747	747	744	746	753	752	756	760	768	770	767	775	773	777	792	790	788	790	787	790	786	794	790	796	798	792	795	792	795	797	791	772	773	749	705	692	690	672	626	588	571	608	637	693	740	761	777	785	787	802	801	792	792	795	801	790	776	805	801	803
11:49:51	42	4	617.8	0.32	915.7	912.6				691	710	720	734	738	739	735	740	748	749	754	761	769	773	772	780	781	786	801	799	799	799	798	801	795	798	790	780	775	768	770	754	742	726	700	662	639	621	573	510	266	226	445	580	606	610	582	497	393	217	194	207	342	257	110	327	352	307	499	415	542	586	627	677
11:50:01	42	5	822.4	0.07	964.5	925.4				764	784	792	802	805	805	801	803	812	812	818	820	825	831	827	831	831	835	850	845	842	842	841	841	836	841	838	840	841	839	837	825	820	823	826	815	817	814	794	758	689	702	533	667	722	762	795	824	842	853	860	863	868	889	891	885	887	893	898	887	872	909	908	913
11:50:09	42	6	868.9	0.08	990.8	925.4				736	727	694	647	746	766	767	783	799	799	807	812	825	830	828	836	838	841	862	860	863	866	866	870	864	870	867	873	879	876	879	878	884	893	893	892	900	900	892	886	893	905	903	909	912	917	920	927	930	932	935	931	930	949	945	935	930	932	934	919	903	941	937	948
11:50:58	46	1	711.1	0.24	999.9	934.6				756	775	786	797	798	797	787	784	784	775	765	753	742	698	673	628	595	591	592	575	570	516	537	597	620	626	619	616	493	500	537	537	543	513	431	369	389	406	389	478	532	606	684	769	830	870	893	909	918	925	931	931	932	951	945	927	911	893	832	878	882	935	943	955
11:51:05	46	2	801.2	0.24	999.9	934.6				859	870	865	856	832	762	618	573	499	518	537	546	613	640	673	695	699	619	618	661	647	617	564	623	652	615	549	476	304	523	642	567	662	794	865	899	927	940	944	943	956	971	970	979	985	989	995	1001	1003	1007	1007	1005	1003	1020	1000	1009	1008	1010	1011	996	980	1022	1019	1029
11:51:10	46	3	926.8	0.04	999.9	934.6				840	859	869	880	884	882	877	879	889	885	892	895	904	907	905	913	911	915	934	933	933	933	934	938	932	943	941	946	954	950	954	947	951	958	957	954	961	960	955	947	951	964	961	966	967	966	959	954	932	862	903	823	837	939	956	955	958	962	964	945	925	961	953	957
11:53:35	46	4	1102.7	0.02	1206.2	1051.8				1049	1073	1078	1088	1086	1080	1069	1070	1074	1069	1074	1076	1085	1086	1082	1088	1086	1091	1112	1106	1106	1102	1101	1103	1097	1105	1100	1104	1112	1104	1107	1104	1103	1109	1107	1106	1112	1107	1101	1093	1099	1112	1108	1113	1115	1118	1118	1122	1123	1123	1120	1114	1111	1135	1130	1120	1120	1122	1125	1110	1090	1136	1133	1145
11:53:41	46	5	965.3	0.15	1212.3	1054.8				914	930	935	945	945	938	923	918	914	899	887	850	783	664	583	582	641	710	758	681	716	718	839	891	909	943	963	979	995	995	1002	988	970	1018	1032	1042	1054	1054	1047	1043	1048	1063	1059	1067	1071	1078	1085	1093	1097	1099	1101	1100	1100	1121	1116	1105	1100	1101	1102	1084	1065	1110	1104	1113
11:53:46	46	6	1005.5	0.19	1213.5	1054.8				1066	1068	1042	1052	1031	1001	966	917	812	660	597	569	525	548	588	589	645	676	780	808	734	853	932	973	997	1031	1046	1068	1085	1087	1100	1100	1107	1115	1118	1119	1124	1124	1117	1111	1117	1136	1131	1139	1141	1143	1145	1146	1145	1145	1144	1141	1140	1166	1158	1148	1146	1150	1151	1138	1115	1163	1158	1168
11:54:19	51	1	1169.5	0.08	1416.2	1063.4				1089	1094	1088	1084	1070	1001	840	1015	1046	959	892	1054	1095	1109	1113	1135	1143	1152	1177	1178	1188	1192	1191	1191	1150	1072	1178	1197	1204	1196	1200	1198	1202	1214	1216	1208	1216	1210	1199	1191	1192	1096	1179	1211	1217	1223	1228	1243	1249	1256	1261	1259	1257	1275	1260	1243	1241	1252	1261	1249	1225	1274	1271	1280
11:54:29	51	2	1032.9	0.11	1331.9	1060.3				833	967	993	1002	996	996	993	1002	1020	1030	1047	1058	1077	1084	1081	1095	1096	1101	1122	1120	1120	1115	1111	1110	1094	1087	1074	1070	1058	1035	1014	934	836	907	881	809	708	746	769	765	898	963	1005	1045	1074	1093	1106	1115	1116	1108	1094	1063	1098	1160	1150	1150	1149	1147	1142	1124	1102	1137	1115	1002
11:54:40	51	3	924.8	0.15	1218.4	1060.3				840	859	861	863	853	836	812	787	717	721	738	756	766	707	622	783	850	877	902	897	888	871	867	823	839	817	847	917	927	928	937	911	933	970	990	1001	1022	1034	1027	935	603	690	995	1065	1081	1091	1096	1103	1104	1108	1110	1105	1102	1121	1111	1095	1085	1079	1074	1039	1002	1014	912	877
11:54:50	51	4	887.2	0.08	1234.3	1063.4				955	896	920	956	968	981	944	951	971	972	978	974	974	942	895	892	885	929	948	951	961	954	881	901	865	838	794	779	879	865	810	812	898	923	908	856	848	855	863	827	758	831	856	802	714	717	793	763	769	874	939	931	839	834	861	829	816	869	859	921	936	1000	1022	1054
11:55:01	51	5	901.9	0.11	1234.3	1068.3				1001	1023	1029	1044	1042	1038	1028	1022	1023	1011	1004	990	933	857	887	798	848	904	938	937	920	891	763	720	740	882	908	906	877	791	900	893	763	703	686	688	732	821	876	846	842	875	808	759	930	977	1002	1012	1006	918	848	823	806	802	799	952	1015	1026	1027	1005	977	1003	964	886
11:55:08	51	6	842.0	0.25	1165.3	1066.4				951	968	974	984	986	983	978	979	988	985	990	994	1004	1008	1005	1010	1012	1013	1034	1030	1028	1022	1020	1023	1016	1020	1014	1017	1017	1005	1005	990	983	974	953	924	885	841	826	813	750	684	678	704	684	640	625	614	562	495	415	337	288	333	429	503	485	570	685	647	776	871	911	954
11:55:42	50	1	659.5	0.70	1274.6	1069.5				718	648	544	398	309	242	195	137	169	151	125	115	107	84	62	58	56	64	74	68	70	153	154	144	155	181	261	357	476	561	688	763	814	628	431	371	479	930	1092	1102	1120	1143	1144	1157	1163	1170	1173	1179	1182	1185	1187	1184	1182	1207	1199	1182	1178	1178	1173	1153	1130	1171	1164	1167
11:55:50	50	2	793.2	0.56	1322.2	1069.5				1022	1024	1023	996	942	846	784	730	651	552	478	495	464	393	330	271	234	186	143	78	72	74	57	57	54	103	208	160	239	469	423	557	464	466	810	932	993	1035	1066	1091	1127	1166	1181	1203	1218	1229	1232	1235	1239	1243	1252	1252	1257	1284	1280	1269	1264	1269	1272	1250	1227	1280	1274	1289
11:55:56	50	3	790.6	0.47	1458.9	1069.5				1074	1072	1026	919	922	780	680	606	486	492	640	499	592	570	565	435	478	488	558	409	389	414	521	393	407	382	190	165	164	131	131	160	244	320	636	748	809	892	953	1003	1057	1111	1135	1168	1188	1207	1220	1232	1236	1243	1245	1238	1233	1250	1238	1217	1203	1191	1178	1143	1100	1118	1076	1032
11:56:04	50	4	888.3	0.54	1496.1	1068.3				1012	863	713	579	497	576	546	401	324	251	209	192	244	281	305	296	224	300	364	309	302	268	247	237	524	546	511	285	313	443	987	1132	1210	1262	1285	1296	1312	1312	1305	1300	1311	1333	1331	1342	1345	1351	1356	1362	1362	1362	1364	1357	1355	1379	1372	1356	1348	1348	1345	1321	1291	1340	1331	1328
11:56:16	50	5	688.0	0.83	1529.1	1065.8				1145	923	856	842	856	630	510	301	177	86	66	61	74	56	44	51	44	52	47	57	82	99	125	225	194	422	150	109	93	98	147	259	162	114	182	211	191	256	933	1083	1149	1208	1228	1198	1108	1046	1106	859	1337	1430	1452	1450	1455	1483	1477	1462	1455	1457	1456	1429	1403	1460	1452	1461
11:56:24	50	6	568.1	0.84	1302.0	1060.3				478	450	360	296	250	179	107	166	149	170	95	97	100	107	105	133	126	78	53	37	49	51	39	31	20	32	49	166	196	230	291	212	213	202	191	304	557	825	878	909	967	1027	1058	1102	1121	1133	1138	1151	1155	1162	1163	1159	1162	1186	1181	1169	1166	1171	1170	1155	1134	1184	1182	1189
11:59:07	48	1	1012.9	0.49	1557.8	1055.5				1328	1316	1235	846	1222	1152	819	795	925	686	1015	689	501	609	701	1003	970	506	383	308	255	257	246	233	258	233	161	132	148	572	453	242	467	991	1080	1135	1192	1233	1257	1274	1317	1366	1399	1437	1460	1479	1494	1511	1517	1525	1535	1532	1535	1565	1555	1539	1530	1534	1534	1513	1484	1544	1537	1551
11:59:15	48	2	936.1	0.56	1546.2	1055.5				1307	1285	1022	937	672	848	553	492	637	576	288	251	224	258	248	287	520	451	270	241	220	199	393	272	234	265	191	328	806	946	999	773	580	290	231	736	1283	1356	1375	1388	1412	1442	1444	1460	1468	1479	1484	1494	1495	1502	1502	1497	1498	1526	1517	1500	1494	1497	1500	1475	1450	1513	1508	1525
11:59:25	48	3	742.3	0.53	1496.7	1055.5				983	906	911	919	917	861	661	500	429	363	274	252	257	286	294	304	255	281	298	315	454	237	143	133	153	182	146	126	522	431	499	572	617	729	944	1043	1105	1128	1136	1143	1162	1180	1181	1193	1200	1206	1210	1218	1217	1220	1221	1213	1200	1213	1192	1161	1129	1096	1034	955	856	581	464	503
11:59:35	48	4	714.8	0.39	1286.2	1049.3				812	799	725	676	684	652	638	663	690	664	632	618	580	513	465	431	381	307	275	290	254	295	316	322	184	152	219	379	492	478	418	598	660	696	705	680	758	846	896	938	974	1008	1016	1029	1038	1044	1047	1054	1054	1059	1059	1053	1050	1062	1035	909	695	957	737	939	989	1051	1051	1060
11:59:53	48	5	697.6	0.38	1071.3	1028.6				810	821	819	815	798	760	652	512	630	640	579	483	422	391	308	282	247	167	163	185	178	156	151	243	346	443	497	530	547	654	723	749	771	773	817	844	860	870	874	879	885	900	897	902	905	907	905	919	921	927	932	930	933	953	950	944	940	944	945	931	915	956	954	968
12:00:04	48	6	635.4	0.41	1054.8	1025.5				774	771	753	733	700	662	622	581	532	477	427	375	309	247	199	200	221	267	311	329	329	305	251	255	292	328	317	319	313	356	448	466	464	544	645	681	723	764	790	809	835	860	869	878	884	894	899	908	908	910	911	910	911	933	932	924	923	926	930	916	898	939	936	945
12:00:59	56	1	1180.2	0.03	1275.2	1116.5				1096	1114	1122	1135	1137	1131	1122	1123	1130	1124	1130	1131	1141	1144	1135	1140	1140	1143	1163	1160	1154	1119	1144	1160	1155	1171	1169	1178	1187	1182	1188	1185	1190	1196	1199	1197	1204	1203	1197	1191	1198	1216	1211	1220	1224	1228	1231	1235	1236	1239	1238	1232	1227	1247	1238	1223	1214	1211	1212	1191	1170	1221	1216	1228
12:01:07	56	2	961.3	0.22	1312.4	1132.4				1074	1092	1099	1109	1106	1102	1090	1093	1100	1095	1101	1105	1115	1116	1110	1119	1119	1122	1144	1138	1135	1133	1123	1110	1071	1080	1075	1066	1013	909	974	1031	1039	1053	1058	1054	1050	1026	957	875	835	680	288	412	743	851	770	334	579	1011	1034	964	837	702	577	872	901	1011	1032	586	440	810	1111	1166
12:01:13	56	3	1199.1	0.05	1400.3	1139.7				1144	1167	1171	1185	1185	1182	1174	1175	1183	1180	1188	1192	1203	1207	1202	1207	1202	1202	1204	1170	1196	1221	1225	1231	1222	1234	1226	1230	1233	1228	1228	1214	1191	1075	1185	1196	1184	1181	1200	1182	1192	1204	1227	1243	1248	1256	1255	1267	1261	1258	1253	1167	1231	1263	1264	1249	1216	997	868	1137	1166	1229	1232	1251
12:01:22	56	4	1136.3	0.07	1314.2	1144.6				1075	1095	1104	1112	1114	1110	1103	1104	1112	1112	1119	1124	1137	1140	1135	1147	1146	1150	1173	1174	1172	1173	1171	1177	1172	1181	1176	1181	1185	1177	1178	1173	1174	1174	1176	1168	1169	1158	1131	1095	996	861	918	810	876	1052	1152	1182	1199	1210	1214	1213	1210	1232	1220	1200	1153	1083	1166	1164	1145	1202	1204	1221
12:01:35	56	5	1367.3	0.08	1568.8	1152.5				1342	1358	1360	1361	1331	1208	982	1213	1132	1001	1270	1321	1368	1379	1382	1395	1395	1399	1424	1417	1413	1412	1408	1407	1397	1403	1388	1390	1373	1344	1335	1335	1372	1251	1249	1322	1303	1324	1349	1366	1397	1431	1436	1454	1464	1475	1485	1493	1494	1499	1499	1492	1487	1510	1495	1448	1107	1370	1389	1360	1338	1393	1391	1422
12:01:43	56	6	2038.5	0.19	2383.0	1167.1				2191	2226	2233	2242	2239	2215	2193	2189	2202	2189	2202	2204	2221	2218	2208	2222	2217	2217	2260	2252	2245	2239	2223	2223	2194	2154	1870	1549	1969	2123	2158	2144	2157	2137	1834	889	1027	671	1210	1449	992	2147	2020	2142	1700	1908	2187	1174	1473	2184	2235	2251	1772	2292	2301	2312	2323	2325	2329	2295	2250	2347	2339	2360
12:02:22	57	1	2224.6	0.12	2353.7	1098.8				2306	2338	2340	2352	2348	2329	2303	2290	2298	2212	2158	2227	2217	2137	1386	1195	2124	2070	2234	2240	2247	2251	2235	1671	2006	1964	1879	2036	1990	2191	2330	2343	2352	2358	2355	2340	2319	1424	1954	2187	1570	2267	2305	2341	2362	2385	2397	2421	2423	2431	2443	2439	2436	2480	2462	2434	2420	2420	2420	2381	2336	2427	2413	2428
12:02:29	57	2	1216.1	0.05	1396.0	1065.8				1183	1203	1202	1210	1203	1193	1179	1175	1181	1170	1167	1158	1155	1140	1149	1165	1155	1155	1177	1175	1188	1193	1199	1210	1204	1220	1217	1225	1232	1228	1232	1229	1233	1240	1240	1238	1246	1242	1234	1225	1235	1252	1247	1259	1262	1270	1270	1277	1279	1281	1281	1274	1273	1299	1291	1279	1274	1277	1282	1261	1229	1189	820	1200
12:02:39	57	3	1044.0	0.07	1195.2	1039.6				1019	1038	1040	1050	1046	1042	1028	1023	1026	1008	1000	993	985	958	887	872	846	858	940	960	957	950	959	976	984	1009	1015	1029	1038	1043	1041	1001	1031	1047	1037	1029	1027	1050	1052	1044	1054	1077	1080	1096	1107	1117	1123	1131	1131	1134	1134	1131	1130	1152	1144	1133	1128	1129	1131	1113	1092	1139	1135	1145
12:02:49	57	4	1026.9	0.11	1230.6	1015.8				998	1016	1019	1024	1019	1009	994	963	938	930	945	951	953	939	905	783	640	732	1002	1028	1029	1021	918	597	998	1031	1023	1012	987	1013	1025	927	803	1069	1084	1086	1095	1097	1086	1083	1092	1108	1104	1113	1118	1122	1123	1128	1127	1128	1127	1124	1125	1142	1137	1127	1124	1124	1127	1110	1090	1143	1139	1153
12:02:59	57	5	1156.8	0.09	1322.2	1006.6				1150	1171	1180	1195	1193	1191	1179	1181	1188	1182	1186	1187	1192	1181	1128	924	877	937	993	1114	1139	1145	1159	1175	1174	1190	1191	1203	1213	1210	1211	1196	1087	999	1065	1178	1200	1210	1202	1193	1206	1230	1232	1247	1248	1208	1242	1267	1271	1272	1271	1261	1254	1224	1209	1224	1160	1117	1000	812	929	996	1121	1171
12:03:07	57	6	1191.8	0.10	1435.1	1008.5				1204	1227	1235	1246	1244	1237	1227	1228	1232	1230	1235	1236	1248	1249	1241	1249	1248	1248	1274	1267	1259	1254	1251	1252	1241	1252	1246	1245	1238	1213	1199	1211	1232	1218	1170	1122	1113	1098	1077	1100	1149	1255	1242	1137	1151	835	944	1211	1137	1131	1240	1260	1272	1307	1301	1284	1280	1276	1214	1064	1173	1178	875	565
12:03:53	58	1	917.5	0.12	1549.2	1021.9				848	772	894	765	757	884	969	975	957	892	966	836	987	1021	1020	1024	1015	1007	1013	992	964	939	945	973	1005	1024	1009	999	984	958	926	876	865	883	888	876	781	771	816	809	620	672	779	616	597	847	865	901	961	983	989	999	1005	1030	1023	1000	975	965	945	920	966	1060	1064	1058
12:04:02	58	2	892.5	0.23	1222.1	990.8				1021	1050	1056	1068	1066	1064	1053	1056	1065	1058	1063	1065	1071	1072	1063	1068	1062	1058	1077	1068	1058	1051	1043	1044	1029	1032	1020	1015	994	1005	1006	1001	1011	1012	1000	989	985	955	897	849	815	794	796	802	764	584	432	297	391	622	682	544	489	594	703	794	677	827	681	702	638	746	667	864
12:04:21	58	3	765.3	0.04	998.7	972.4				715	728	733	747	750	750	745	749	754	753	750	735	739	733	722	694	719	724	745	744	744	752	755	756	745	738	714	715	743	761	775	779	791	803	805	802	806	805	799	791	794	803	799	801	801	803	799	791	790	797	799	801	801	815	810	801	797	791	783	763	743	766	739	687
12:04:29	58	4	733.6	0.09	946.8	940.7				688	700	705	713	714	708	693	686	694	698	709	709	724	737	742	757	752	745	743	722	695	658	619	594	591	651	711	756	780	781	788	798	807	814	818	817	820	814	803	797	791	794	779	773	761	742	698	634	662	779	799	803	812	833	827	808	795	783	756	701	634	533	564	642
12:04:37	58	5	653.9	0.11	929.7	921.8				680	698	713	724	724	715	698	680	664	630	627	576	564	535	504	500	485	529	589	606	632	656	678	698	706	715	713	712	704	678	664	648	642	620	621	618	606	566	528	501	501	562	627	679	707	723	733	742	587	722	751	731	644	691	634	646	739	757	762	745	719	733	698	671
12:04:46	58	6	537.0	0.33	917.5	907.7				519	487	479	495	426	387	434	488	524	563	615	656	685	697	698	708	707	709	717	710	703	697	685	670	647	640	630	632	623	606	588	560	534	571	607	648	680	700	709	710	721	726	717	713	699	672	626	582	520	420	306	258	274	297	279	259	236	219	216	239	204	197	215	228
12:08:25	62	1	613.8	0.05	736.2	700.2				561	573	575	583	577	570	565	569	571	574	576	577	584	585	584	590	591	595	607	602	595	597	598	600	594	602	596	599	602	601	605	606	612	617	618	618	625	625	623	621	626	636	634	639	640	645	647	649	651	654	653	648	648	661	655	651	647	649	648	640	627	656	657	663
12:08:31	62	2	590.9	0.05	730.1	686.8				586	600	602	608	606	601	592	590	590	586	587	586	588	589	588	589	584	584	588	580	568	561	560	543	517	504	497	500	517	538	555	572	582	591	596	600	609	610	607	604	607	620	615	620	619	621	619	622	619	621	615	606	601	606	604	593	603	614	618	611	601	632	632	644
12:08:38	62	3	571.5	0.06	722.2	672.8				576	588	591	595	593	591	582	581	580	569	561	557	564	564	565	569	567	571	580	563	518	472	491	508	500	475	481	531	572	586	594	598	604	609	610	607	610	610	604	599	599	602	588	571	570	582	584	579	576	571	541	500	531	532	551	572	589	602	606	600	591	619	618	623
12:08:45	62	4	632.2	0.05	721.0	661.8				631	640	641	647	645	640	635	633	636	634	637	636	640	643	637	640	638	641	655	651	649	644	644	640	634	632	624	622	620	613	602	587	576	572	573	575	588	592	581	573	552	542	600	631	637	640	646	657	660	665	667	663	664	677	673	666	660	664	666	648	637	663	667	676
12:08:53	62	5	1815.0	0.10	793.6	650.2				1824	1834	1397	1224	1762	787	1320	1723	1795	1793	1810	1819	1836	1838	1829	1835	1833	1830	1862	1852	1846	1842	1836	1841	1838	1850	1840	1847	1848	1842	1841	1833	1830	1823	1812	1825	1842	1838	1830	1820	1834	1861	1854	1870	1875	1886	1891	1901	1903	1911	1921	1916	1918	1955	1942	1921	1916	1919	1924	1890	1851	1928	1916	1931
12:09:01	62	6	2097.3	0.05	2072.3	663.0				2117	2141	2140	2144	2133	2108	2078	2067	2069	2042	2031	2017	1979	1369	1957	2054	2069	2078	2118	2111	2105	2103	2098	2100	2083	2100	2092	2102	2102	2091	2098	2088	2094	2104	2102	2097	2107	2102	2083	2069	2084	2115	2103	2119	2123	2135	2135	2147	2143	2145	2146	2143	2142	2184	2177	2151	2153	2160	2168	2137	2099	2192	2186	2208
12:09:52	61	1	1295.7	0.53	2180.3	579.4				1879	1898	1903	1912	1905	1886	1860	1848	1843	1791	1097	910	302	465	233	207	178	155	224	104	115	107	95	153	218	349	868	530	989	1323	792	933	537	983	1259	1229	1185	1290	1776	1794	1806	1538	851	1779	1866	1883	1892	1905	1903	1910	1919	1912	1914	1955	1942	1916	1909	1906	1900	1861	1843	1909	1885	1700
12:09:59	61	2	1601.3	0.34	1907.5	570.2				2071	2095	2090	2095	2076	2003	1917	2000	1997	1950	1260	1657	842	1003	1733	1748	1864	1856	1866	923	1649	1477	757	1225	656	1164	1156	1299	1232	299	550	688	1518	1676	368	1471	632	1536	569	602	1813	1884	1927	1930	1218	1147	1886	2036	2046	2052	2060	2056	2063	2106	2099	2078	2075	2076	2085	2047	2012	2092	2080	2045
12:10:08	61	3	1157.0	0.36	975.5	546.4				1389	1410	1413	1418	1143	1371	1384	1378	1383	1360	1355	1342	1235	797	772	1181	1320	1294	1296	1006	983	1303	1311	1292	632	799	453	391	376	417	215	178	211	296	461	316	600	1016	1170	1363	1405	1433	1435	1448	1442	1219	1201	1475	1479	1491	1502	1500	1501	1532	1523	1509	1504	1502	1502	1472	1446	1502	1494	1508
12:10:16	61	4	519.2	0.18	997.5	539.1				639	646	644	645	637	625	610	592	584	567	544	484	494	445	390	296	284	287	400	452	469	474	478	473	446	412	315	413	420	353	437	439	464	491	499	488	447	359	502	532	550	569	571	582	586	587	574	526	582	595	571	577	575	606	605	599	595	596	597	587	583	611	613	618
12:10:29	61	5	311.3	0.38	592.2	525.1				416	424	423	426	422	417	407	401	393	382	374	361	349	328	295	279	267	267	266	249	224	183	158	146	133	122	105	89	94	105	122	106	72	128	154	169	193	270	310	319	335	349	352	363	372	382	388	394	394	402	407	412	412	420	422	418	408	409	409	407	407	434	439	445
12:10:38	61	6	295.0	0.36	581.2	518.3				405	406	401	383	356	334	279	295	314	319	323	322	326	324	307	296	272	256	237	213	181	138	181	183	187	157	74	141	170	140	126	104	140	114	110	220	238	123	224	341	369	378	375	371	363	359	342	289	320	364	354	384	380	409	419	358	289	349	425	447	445	474	476	486
12:12:50	53	1	966.2	0.20	1216.6	521.4				1085	1098	1101	1107	1104	1091	1076	1070	1055	799	459	918	1009	1030	927	716	435	929	1039	1017	955	982	402	892	1002	1020	1023	1023	766	537	1002	934	1054	1065	1005	479	902	1034	1046	1055	1070	1092	1096	1111	1119	1125	1128	1131	1125	1073	766	1105	1140	1155	1067	642	1092	1126	1127	1091	988	604	799	821
12:12:58	53	2	942.1	0.31	1105.5	506.1				1098	1107	1108	1092	1073	1073	1028	777	1039	985	547	758	331	282	652	450	269	253	281	369	815	1051	1038	916	709	461	331	374	744	1029	930	815	983	1093	1109	1108	1106	1107	1102	1091	1105	1118	1113	1124	1132	1140	1146	1157	1162	1169	1170	1167	1170	1195	1193	1179	1175	1174	1177	1157	1138	1184	1179	1189
12:13:16	53	3	1681.6	0.16	2057.0	524.4				1759	1782	1785	1801	1796	1781	1763	1762	1766	1753	1756	1754	1763	1758	1743	1753	1748	1750	1773	1757	1697	983	1692	1682	706	661	731	1196	1662	1718	1577	1012	1727	1750	1754	1750	1762	1757	1742	1733	1738	1664	1748	1770	1777	1789	1792	1805	1804	1813	1821	1819	1819	1848	1836	1817	1812	1809	1809	1772	1742	1810	1803	1816
12:13:22	53	4	1871.7	0.11	2126.0	533.0				1939	1964	1960	1972	1964	1943	1915	1910	1920	1907	1907	1904	1921	1919	1908	1915	1905	1911	1939	1919	1307	1253	1863	1908	1891	1699	797	1687	1898	1552	1410	1598	1873	1935	1937	1930	1939	1934	1913	1900	1705	1933	1938	1951	1957	1968	1976	1995	2001	2005	2013	2008	2008	2044	2031	2008	2002	2005	2010	1977	1921	1772	1785	2015
12:13:26	53	5	1723.2	0.17	1997.2	536.0				1825	1841	1840	1854	1846	1827	1810	1803	1811	1792	1791	1785	1800	1788	1710	646	1405	1780	1823	1809	1803	1796	1789	1793	1777	1658	764	993	831	1046	1721	1769	1782	1793	1673	1794	1818	1817	1798	1782	1800	1819	1490	1049	1713	1850	1864	1876	1883	1889	1897	1895	1900	1933	1920	1898	1894	1888	1892	1851	1816	1897	1885	1908
12:13:36	53	6	1732.0	0.30	2177.3	557.4				1675	1953	1993	1998	1973	1931	1812	842	1450	503	382	803	722	426	1195	519	572	798	1808	1951	1960	1961	1957	1965	1958	1974	1895	1954	1681	591	978	1783	1947	1975	1977	1978	1994	1994	1980	1969	1987	2012	2000	2009	2011	2017	2021	2030	2035	2041	2049	2054	2058	2100	2089	2068	2065	2068	2070	2034	2000	2086	2075	2093
12:15:27	44	1	1396.3	0.26	1728.7	802.2				1469	1548	1567	1578	1574	1552	1512	1358	838	457	394	374	332	456	1236	992	1462	1517	1560	1572	1579	1592	1597	1611	1602	1618	1608	1616	1617	1604	1567	1584	1602	1612	1606	1597	1597	1594	1579	1561	1578	1601	1591	1586	1577	1564	1550	1564	1583	1629	1228	1382	1612	1128	1385	1415	554	1076	1585	1597	1561	1608	1502	616
12:15:36	44	2	2054.6	0.15	2337.2	799.1				2030	2102	2120	2143	2142	2132	2119	2133	2157	2149	2154	2155	2168	2163	2151	2162	2156	2155	2189	2179	2172	2154	2136	2130	2131	2157	2148	2153	2154	2140	2147	2128	2041	2125	2134	2124	2131	2122	2103	2086	2099	2124	2111	2121	2119	2119	2113	2108	2088	1883	1930	2118	2164	2219	2213	2180	2158	2025	1061	575	577	1703	2090	2122
12:15:47	44	3	1631.9	0.37	2262.1	752.7				1981	1353	1910	2043	2049	2025	1970	1989	2047	2031	2031	2017	1833	2005	2016	2027	2013	2010	2036	2016	2008	1987	1968	1944	1891	1763	411	370	373	445	409	1004	1713	1851	1886	1892	1547	1753	1941	1951	1977	2016	2016	2026	2031	2036	2040	2040	2026	2019	2008	1861	640	487	725	286	1204	238	255	641	1482	1934	1947	1999
12:15:55	44	4	1573.7	0.32	2212.1	694.1				2010	2087	2085	2090	2071	2043	2019	2009	2005	1984	1982	1976	1978	1972	1950	1949	1918	1572	1617	1915	1902	1809	868	695	1675	1112	1007	1827	1851	1815	1125	452	578	1034	450	1196	1792	1755	941	1753	1357	1774	1856	1892	1921	1948	1965	1983	1987	1995	1983	1691	1433	1281	1108	1061	909	370	488	1119	1610	1549	1668	900
12:16:07	44	5	1802.2	0.30	2209.0	617.8				694	540	1844	985	2042	2067	2059	2057	2064	2031	1905	505	441	1939	724	1158	1976	1999	2035	2011	1973	1359	571	439	474	1766	1978	2011	2031	2039	2053	2046	2049	2063	2063	2063	2074	2066	2047	2043	2056	2086	2070	2080	2085	2095	2100	2112	2113	2121	2124	2119	2113	2154	2138	2109	2101	2093	2052	905	1921	2093	2097	2119
12:16:14	44	6	1843.5	0.23	2213.3	587.3				2103	2118	2114	2115	2118	2133	2075	2060	2066	2047	2050	2048	2059	2058	2040	2049	2039	2038	2073	2059	2048	2040	2026	2026	2013	2027	2011	2015	2013	2013	2005	1978	1967	1968	1961	1959	1976	1954	1948	1941	1930	1919	1908	2020	2038	2034	2023	2022	1989	1885	935	1059	1841	1890	1862	1797	1457	635	1114	259	1053	363	1594	1013
12:17:55	36	1	1926.8	0.07	2180.3	600.1				1936	1964	1971	1991	1984	1972	1947	1939	1945	1931	1932	1930	1936	1933	1919	1924	1918	1917	1950	1941	1934	1933	1925	1932	1918	1937	1930	1941	1949	1939	1946	1941	1942	1949	1946	1938	1950	1943	1927	1919	1928	1951	1943	1956	1958	1967	1969	1977	1976	1983	1984	1944	1039	1483	1966	1963	1966	1969	1972	1944	1909	1984	1974	1990
12:18:03	36	2	1963.0	0.03	2172.4	597.1				1954	1977	1990	2012	2000	1980	1960	1954	1962	1946	1953	1949	1962	1961	1950	1960	1955	1950	1984	1970	1970	1969	1957	1957	1812	1784	1950	1957	1962	1951	1957	1941	1931	1714	1829	1957	1964	1958	1939	1930	1937	1968	1958	1973	1978	1987	1991	2000	1998	2004	2009	2004	2005	2044	2033	2013	2011	2012	2014	1975	1938	2022	2008	2037
12:18:11	36	3	1998.2	0.06	2176.1	593.4				2030	2051	2060	2076	2064	2047	2020	2012	2020	2002	2003	1999	2012	2011	1994	1984	1244	1889	2005	2009	2012	2022	2041	2041	2006	2011	1995	2005	2007	1998	1998	1984	1982	1987	1987	1974	1962	1941	1897	1919	1936	1952	1977	2000	2011	2027	2033	2047	2052	2062	2069	2065	2062	2104	2087	2065	2058	2065	2074	2041	2007	2086	1972	1741
12:18:18	36	4	1881.7	0.14	2176.1	593.4				1968	1990	1990	2004	1986	1965	1940	1934	1937	1920	1923	1919	1931	1929	1916	1926	1916	1915	1948	1941	1941	1939	1931	1936	1918	1937	1927	1933	1933	1926	1929	1920	1926	1929	1926	1914	1925	1913	1893	1865	1164	1163	1808	626	588	1828	1905	1986	1980	1980	1990	1986	1995	2040	2026	2006	2000	2005	2007	1977	1939	2024	2018	2034
12:18:24	36	5	2021.9	0.01	0.0	0.0				2029	2044	2049	2065	2060	2046	2018	2010	2023	2010	2009	2010	2020	2013	2001	2009	1997	1997	2031	2016	2015	2019	2008	1997	2002	2051	2016	2015	2013	2008	2005	1989	1994	2001	2007	1992	2008	2006	1991	1975	1986	2009	2003	2013	2016	2026	2027	2031	2034	2042	2047	2043	2044	2090	2076	2062	2057	2047	2045	2013	1972	2053	2044	2056
12:18:31	36	5	2022.4	0.01	2198.0	595.9				2010	2031	2038	2052	2046	2031	2009	2005	2013	2001	2004	1999	2009	2007	1993	1998	1991	1990	2020	2008	2001	1997	1998	2019	1982	2019	2042	2028	2022	2008	2005	1993	1997	2005	2001	1995	2005	2001	1982	1972	1984	2013	2005	2018	2023	2032	2034	2048	2048	2056	2065	2061	2059	2098	2086	2062	2062	2068	2068	2033	1990	2067	2057	2076
12:18:40	36	6	1953.5	0.12	1912.4	579.4				2045	2010	1800	2043	2048	2029	1993	1978	2001	1991	2005	2003	2017	2012	1994	2004	1989	1969	1931	772	951	1763	1339	1503	1999	2030	2017	2017	2018	2008	2007	1996	2000	2001	2001	1996	2005	1997	1982	1971	1982	2007	1993	2009	2013	2024	2028	2037	2033	2033	2033	2025	2027	2068	2062	2040	2040	2061	2064	2037	1987	2071	2052	2064
12:19:19	35	1	1668.7	0.30	2154.1	482.3				2006	2024	2028	2038	2031	2014	1987	1977	1983	1958	1954	1942	1943	1928	1900	1835	742	1604	998	1221	489	1538	1149	1664	613	476	511	1113	759	264	770	1598	467	1708	1832	1389	1865	1660	1537	1893	1921	1947	1932	1905	1962	1845	1913	1990	1993	2002	2008	2005	2004	2045	2027	2006	1997	1997	1998	1966	1927	2001	1990	2012
12:19:28	35	2	612.0	0.20	1109.8	456.1				709	716	716	722	714	704	691	685	678	666	652	625	595	574	529	542	513	475	557	437	439	579	627	618	534	486	323	246	316	456	436	412	373	412	535	559	624	637	642	639	639	543	459	662	714	721	722	724	723	727	726	726	725	740	738	729	724	727	724	712	696	728	725	729
12:19:37	35	3	384.7	0.42	608.1	443.3				530	539	540	548	542	541	533	534	534	531	529	529	533	531	529	531	529	528	535	530	526	521	520	516	505	500	485	495	497	494	489	480	475	469	450	390	387	281	300	292	267	194	151	117	112	95	75	129	145	184	172	146	149	111	104	231	273	273	298	287	314	326	351	373
12:19:43	35	4	353.9	0.38	540.9	438.4				496	501	499	501	493	483	472	465	457	451	451	443	437	432	423	417	408	405	401	393	375	343	313	295	281	266	228	183	147	140	129	118	104	100	72	125	164	163	161	202	203	211	296	259	315	293	314	351	405	451	465	473	478	488	488	481	475	472	458	461	459	479	472	470
12:19:55	35	5	300.9	0.32	490.3	438.4				393	398	400	402	396	389	379	369	358	323	286	274	297	297	294	293	300	292	292	285	271	252	240	228	204	163	147	133	119	110	111	101	88	94	116	141	231	285	310	327	342	359	366	374	382	387	390	393	394	396	390	390	382	389	383	374	365	356	348	340	329	347	348	349
12:20:02	35	6	290.5	0.35	487.2	441.4				331	334	332	332	317	303	282	264	247	233	226	213	214	217	220	214	176	156	169	175	172	169	154	157	150	149	146	127	104	109	141	175	143	286	246	312	368	378	382	383	387	395	378	301	396	401	404	407	407	409	408	405	405	412	408	402	398	396	391	380	369	380	375	371
