Created by SunData for Windows Mobile v2.0.0.1
	
Title     :	Sample Experiment
Location  :	cae canol
	
2016-06-21		
SunScan probe v1.02R (C) JGW 2004/01/19
	
Ext Sensor: BFS
Group   1 :	group
	
Time	Plot	Sample	PAR	Spread	Total	Diffuse			Notes	1	2	3	4	5	6	7	8	9	10	11	12	13	14	15	16	17	18	19	20	21	22	23	24	25	26	27	28	29	30	31	32	33	34	35	36	37	38	39	40	41	42	43	44	45	46	47	48	49	50	51	52	53	54	55	56	57	58	59	60	61	62	63	 tip 64
	
11:04:04	256	1	714.0	0.04	763.7	434.1				730	710	725	697	695	680	694	691	718	719	705	721	701	705	701	709	709	723	704	702	714	708	719	703	703	709	709	710	720	698	707	720	701	695	754	736	705	695	723	892	741	700	712	726	716	713	687	700	687	693	690	700	720	708	702	687	703	715	738	738	746	731	755	736
11:04:07	256	2	597.4	0.04	796.1	436.6				620	604	617	591	589	576	588	582	606	606	595	608	590	595	590	597	597	608	591	590	600	594	605	593	591	595	594	597	602	584	592	602	587	583	629	615	589	579	604	742	617	584	591	604	594	591	571	579	572	575	572	582	598	588	582	569	582	591	612	611	617	604	622	611
11:04:09	256	3	861.3	0.04	796.1	436.6				863	841	858	825	823	805	823	819	851	853	839	857	833	839	835	846	848	864	840	839	855	847	861	845	843	851	850	854	865	839	851	865	846	840	909	891	852	841	876	1079	896	850	863	884	870	867	839	851	839	845	844	857	881	867	858	842	864	878	907	908	919	900	930	908
11:04:18	256	4	1575.6	0.04	1845.9	453.0				1648	1605	1634	1568	1561	1527	1552	1548	1604	1608	1581	1612	1559	1571	1562	1581	1580	1608	1565	1561	1583	1564	1592	1559	1553	1566	1563	1569	1587	1535	1554	1577	1542	1529	1654	1617	1547	1530	1590	1957	1621	1535	1557	1592	1567	1559	1507	1529	1505	1513	1509	1529	1570	1545	1528	1496	1533	1561	1609	1612	1626	1592	1643	1602
11:04:20	256	5	1580.7	0.04	1968.5	454.3				1660	1615	1644	1575	1572	1536	1562	1556	1615	1618	1589	1623	1572	1579	1570	1585	1586	1614	1570	1566	1590	1572	1597	1567	1560	1572	1569	1574	1592	1541	1558	1583	1545	1533	1661	1622	1553	1533	1593	1957	1625	1539	1561	1594	1569	1559	1509	1533	1507	1520	1510	1532	1574	1546	1530	1499	1535	1561	1612	1612	1627	1593	1641	1601
11:04:21	256	6	1567.6	0.04	1965.5	453.0				1641	1599	1627	1561	1556	1521	1546	1542	1598	1600	1573	1606	1555	1564	1555	1572	1572	1601	1557	1553	1574	1558	1583	1552	1546	1559	1555	1560	1577	1527	1544	1569	1535	1522	1647	1609	1541	1522	1581	1944	1612	1525	1549	1581	1556	1550	1500	1520	1496	1507	1502	1521	1563	1536	1519	1486	1524	1550	1603	1603	1616	1583	1632	1591
11:04:23	256	7	1562.8	0.04	1965.5	453.0				1637	1594	1623	1556	1553	1517	1543	1536	1594	1595	1568	1601	1551	1559	1550	1566	1565	1595	1552	1549	1570	1553	1579	1548	1541	1553	1546	1554	1572	1520	1538	1563	1529	1514	1640	1603	1535	1517	1576	1938	1608	1522	1546	1578	1554	1547	1494	1518	1494	1502	1495	1515	1559	1531	1515	1484	1520	1546	1596	1597	1611	1579	1627	1588
11:04:25	256	8	1571.8	0.04	1964.3	450.6				1647	1603	1631	1565	1560	1523	1550	1546	1602	1606	1576	1610	1559	1567	1560	1573	1576	1604	1561	1556	1578	1562	1586	1554	1548	1561	1557	1562	1581	1531	1548	1571	1537	1524	1648	1614	1545	1525	1584	1951	1618	1531	1554	1587	1562	1555	1503	1527	1503	1511	1506	1525	1570	1543	1527	1494	1531	1557	1605	1607	1623	1589	1637	1597
11:04:27	256	9	1575.0	0.04	1963.7	448.2				1648	1605	1636	1566	1560	1525	1554	1546	1604	1606	1577	1611	1559	1569	1560	1577	1578	1608	1563	1558	1579	1562	1589	1558	1552	1561	1561	1567	1584	1537	1552	1575	1541	1529	1654	1615	1547	1528	1588	1951	1621	1535	1559	1590	1567	1559	1507	1529	1507	1515	1510	1532	1575	1546	1529	1496	1535	1561	1609	1612	1630	1592	1641	1602
11:04:29	256	10	1575.5	0.04	1963.7	448.2				1652	1605	1636	1568	1565	1529	1556	1550	1606	1608	1577	1614	1561	1571	1560	1577	1578	1606	1561	1560	1581	1564	1590	1558	1552	1564	1561	1567	1584	1535	1552	1577	1541	1527	1656	1617	1549	1528	1590	1954	1621	1535	1559	1590	1567	1557	1506	1529	1507	1516	1512	1528	1573	1545	1528	1496	1533	1560	1610	1609	1625	1592	1643	1602
11:04:31	256	11	1580.5	0.04	1971.6	446.3				1654	1611	1642	1573	1567	1531	1560	1553	1610	1615	1586	1618	1565	1575	1566	1582	1584	1613	1570	1566	1587	1570	1596	1562	1557	1572	1568	1573	1590	1539	1556	1580	1545	1533	1658	1621	1551	1533	1593	1962	1627	1540	1563	1597	1571	1564	1513	1534	1511	1521	1515	1535	1578	1552	1534	1500	1537	1563	1614	1615	1632	1596	1646	1607
11:04:33	256	12	1591.6	0.04	1971.6	446.3				1668	1624	1655	1587	1580	1545	1572	1565	1625	1627	1599	1631	1579	1589	1578	1595	1595	1624	1580	1577	1600	1582	1606	1575	1569	1582	1578	1583	1601	1552	1568	1591	1557	1543	1671	1634	1564	1546	1606	1975	1639	1551	1573	1606	1581	1574	1521	1544	1518	1528	1523	1544	1587	1559	1543	1512	1548	1574	1625	1625	1640	1606	1656	1614
11:04:35	256	13	1587.9	0.04	1980.1	445.1				1663	1620	1646	1579	1576	1539	1566	1560	1618	1618	1592	1625	1575	1583	1576	1591	1590	1620	1576	1572	1594	1579	1600	1570	1565	1576	1575	1579	1598	1547	1564	1590	1555	1542	1667	1631	1560	1541	1601	1972	1633	1547	1571	1604	1577	1570	1518	1542	1520	1528	1523	1543	1585	1558	1541	1509	1546	1572	1623	1623	1638	1603	1653	1612
11:04:39	256	14	1162.2	0.04	1956.3	442.0				1236	1203	1225	1173	1168	1141	1161	1156	1198	1198	1176	1202	1164	1169	1162	1174	1173	1194	1159	1156	1173	1159	1177	1154	1150	1158	1154	1157	1171	1132	1146	1163	1137	1127	1218	1189	1138	1123	1168	1434	1191	1125	1142	1166	1147	1141	1103	1119	1102	1108	1105	1117	1150	1129	1118	1093	1120	1138	1175	1173	1186	1160	1197	1168
11:04:44	256	15	872.8	0.04	1465.0	428.6				908	885	902	863	861	841	859	854	886	886	870	889	861	867	861	871	871	888	864	861	874	864	878	862	858	865	864	868	877	849	859	875	854	848	917	897	858	845	880	1083	899	852	863	884	869	865	837	849	836	842	840	850	875	860	852	834	855	870	897	899	906	889	918	894
11:04:46	256	16	953.0	0.04	1263.6	421.3				1003	976	995	953	949	928	945	942	977	976	960	978	948	954	949	959	959	977	949	946	961	951	966	947	943	950	948	953	961	930	943	958	934	926	1001	980	936	924	961	1181	981	928	940	959	944	939	908	919	907	912	909	919	946	929	918	899	921	934	966	965	975	954	984	958
11:04:48	256	17	863.2	0.04	1110.4	418.2				903	879	896	859	855	837	853	849	880	880	864	883	855	861	855	865	864	881	857	855	867	858	873	855	852	859	856	860	869	842	853	866	846	838	906	888	848	837	871	1070	888	842	854	872	859	853	825	838	824	830	825	838	862	846	838	820	841	853	880	881	888	871	899	877
11:04:54	256	18	1059.5	0.04	1088.4	417.6				1131	1099	1119	1072	1070	1044	1063	1057	1095	1094	1074	1095	1061	1069	1060	1072	1072	1091	1060	1056	1071	1060	1075	1054	1050	1057	1053	1058	1070	1035	1046	1061	1038	1028	1111	1087	1039	1024	1065	1308	1084	1025	1041	1061	1044	1040	1003	1018	1002	1009	1005	1017	1043	1026	1014	993	1014	1032	1065	1065	1075	1050	1083	1056
11:04:56	256	19	1173.1	0.04	1385.0	421.3				1230	1196	1218	1167	1164	1136	1157	1153	1194	1197	1177	1203	1165	1171	1162	1175	1177	1196	1166	1161	1178	1166	1184	1161	1157	1166	1162	1167	1181	1142	1156	1175	1148	1138	1232	1205	1153	1138	1182	1453	1207	1144	1158	1183	1164	1160	1121	1139	1120	1130	1124	1138	1171	1150	1137	1114	1141	1159	1197	1198	1210	1185	1225	1193
11:04:57	256	20	1353.3	0.04	1659.7	426.2				1403	1366	1391	1335	1330	1302	1324	1319	1370	1370	1349	1376	1334	1341	1335	1349	1349	1375	1338	1334	1352	1341	1361	1335	1331	1339	1339	1345	1360	1317	1333	1355	1324	1314	1422	1390	1332	1314	1368	1682	1396	1323	1343	1370	1354	1344	1300	1321	1300	1308	1304	1324	1360	1337	1324	1296	1328	1350	1393	1396	1408	1380	1423	1390
11:04:59	256	21	1393.8	0.04	1659.7	426.2				1457	1419	1446	1385	1380	1350	1373	1368	1418	1421	1395	1425	1379	1389	1381	1397	1395	1422	1382	1381	1399	1383	1406	1378	1374	1383	1381	1387	1404	1358	1373	1395	1365	1351	1464	1431	1370	1353	1407	1729	1434	1359	1377	1408	1387	1380	1334	1356	1335	1343	1337	1355	1393	1368	1354	1325	1357	1381	1425	1427	1440	1409	1452	1416
11:06:35	1	1	464.6	1.01	1596.8	381.6				324	284	801	173	106	53	63	66	66	49	40	53	33	30	29	36	129	152	187	81	31	152	134	26	24	26	30	44	66	257	92	84	96	679	401	348	239	900	417	1354	1153	1097	1116	1141	1126	1108	893	246	219	220	226	226	291	778	1095	1105	1137	1159	1195	1196	1211	1189	1228	1228
11:06:39	1	2	436.7	1.07	1540.1	377.3				74	66	62	55	51	58	47	65	56	71	136	39	34	33	28	27	75	43	48	31	28	28	30	41	299	355	69	386	447	132	70	90	356	101	121	163	139	155	530	517	269	237	188	219	447	845	1031	1103	1092	1102	1103	1123	1158	1137	1127	1109	1141	1157	1195	1198	1211	1185	1224	1194
11:06:46	1	3	352.5	0.67	1529.7	374.3				118	106	169	486	507	557	527	604	923	392	555	858	582	153	149	148	214	422	438	744	673	249	288	342	582	618	101	72	64	58	61	71	83	63	84	170	104	255	352	344	208	541	651	867	357	752	548	452	465	391	432	457	617	165	185	160	265	132	95	297	261	114	160	707
11:06:52	1	4	634.7	0.69	1538.2	373.7				1021	967	679	1064	516	479	1006	1084	1118	1097	845	798	283	349	204	228	281	146	99	76	69	64	66	47	49	49	42	98	58	64	72	48	47	98	261	1033	879	672	229	460	865	1136	1158	606	1128	1193	1109	638	750	1142	1160	1177	1202	1039	768	851	656	659	1000	928	1135	1120	1230	1228
11:06:57	1	5	626.7	0.74	1599.9	376.1				730	208	462	297	585	200	424	784	279	109	153	261	71	69	138	48	61	123	90	225	49	29	28	27	30	30	63	88	66	84	142	710	827	941	980	894	1148	926	939	1496	1244	1147	1168	1180	1034	1205	1075	1158	1074	729	892	1037	842	1029	1030	926	896	676	761	1208	1268	1245	1220	1255
11:07:01	1	6	617.3	0.82	1615.8	377.3				1088	331	955	775	165	336	882	167	85	76	67	61	67	107	49	54	53	43	36	29	28	28	28	28	29	30	37	57	83	94	102	119	164	724	1178	1193	1146	1065	998	1366	1233	1173	1197	1224	1204	1199	1154	1166	1059	813	591	531	1061	936	1138	1091	1013	1189	1224	1228	1209	1120	1092	746
11:07:05	1	7	572.8	0.96	1612.7	377.3				214	551	453	136	99	87	130	59	49	37	23	22	28	86	52	23	24	23	63	145	19	19	22	28	64	45	40	40	81	584	84	53	56	106	144	214	726	473	1170	1060	1247	1191	1213	1241	1207	890	1176	1198	1179	1188	1186	1217	1251	1230	1212	1184	1226	1253	1287	1295	1308	1283	1334	1337
11:07:11	1	8	552.1	1.04	1682.9	379.2				99	90	85	74	68	60	53	47	41	33	28	25	20	17	16	20	21	24	26	25	25	25	25	23	29	29	40	38	39	90	86	124	100	79	116	317	714	792	647	1078	1117	1113	1215	1272	1253	1251	1210	1228	1211	1222	1220	1242	1279	1251	1242	1223	1249	1278	1314	1327	1338	1304	1355	1332
11:07:16	1	9	722.0	0.76	1704.9	381.6				150	320	166	228	458	78	59	60	177	59	37	41	33	33	122	115	149	480	250	417	154	249	748	137	105	231	336	69	162	176	181	562	1200	1198	1330	1301	1086	329	1019	1561	1141	1176	1273	1305	1285	1283	1236	1252	1233	1242	1236	1267	1303	1279	1260	1227	1266	1293	1328	1341	1357	1321	1372	1366
11:07:20	1	10	775.0	0.74	1736.6	382.2				101	263	104	82	74	70	67	53	44	40	41	52	56	58	64	112	623	436	355	113	87	122	140	89	107	255	1049	637	363	493	839	1102	539	1044	1374	1352	1298	1286	1334	1646	1368	1293	1316	1345	1316	1316	1268	1288	1270	1276	1268	1295	1329	1305	1285	1257	1294	1323	1359	1373	1385	1348	1398	1363
11:08:21	2	1	257.8	1.05	1956.3	386.5				198	141	132	118	111	100	92	100	64	60	77	84	204	293	132	656	152	375	100	84	108	691	278	240	242	1170	837	150	120	118	121	101	58	19	45	387	587	136	135	234	316	385	176	132	129	131	128	163	130	131	132	165	143	279	1006	182	1082	1172	295	158	158	160	488	214
11:08:27	2	2	861.0	0.64	1959.4	385.3				586	301	211	166	202	403	709	1196	580	228	951	1402	1361	1332	1158	206	134	214	436	112	230	599	126	281	842	258	564	158	878	197	115	158	1181	1162	511	141	122	126	277	1658	1434	1365	1392	1427	1391	1401	1312	1316	1339	1369	1362	1383	1420	1396	1388	1362	1381	1412	1454	1457	1479	1438	1497	1462
11:08:32	2	3	814.4	0.74	1960.6	385.3				111	61	43	55	226	133	79	95	652	283	810	1288	976	175	65	65	72	67	63	90	133	76	319	118	109	185	764	1307	1396	1274	960	1205	862	501	282	182	173	198	957	1724	1445	1418	1436	1317	1145	1438	1389	1406	1384	1392	1383	1416	1446	1429	1410	1384	1416	1438	1474	1479	1495	1446	1511	1498
11:08:38	2	4	835.6	0.65	1966.7	383.5				1015	932	474	220	118	143	102	91	93	173	1050	1371	1383	1058	1257	865	392	1403	1408	1400	1271	478	193	94	82	83	94	96	102	97	195	402	218	728	1013	582	722	790	1040	1597	1463	1402	1435	1454	1366	1439	1402	1427	1383	1155	1402	1435	1468	1448	1432	1373	452	300	1312	1133	1437	879	464	196
11:08:42	2	5	586.6	0.99	0.0	0.0				918	405	142	125	300	398	49	41	28	24	22	18	20	22	25	22	22	24	26	26	31	38	38	49	62	74	78	73	58	102	242	1078	972	165	152	254	585	173	656	1739	1463	1384	1404	1434	1414	1403	1347	1360	1337	1343	1330	1336	395	815	1340	1326	1349	1361	1027	1355	902	494	1121	227
11:08:49	2	5	636.6	0.97	1961.2	381.6				381	1103	459	859	1144	131	481	84	102	47	37	31	23	20	17	18	20	21	21	22	20	25	26	25	34	34	38	51	65	69	67	62	110	276	1188	1445	957	168	158	618	677	191	449	1431	1460	1454	1405	1420	1394	1405	1401	1436	1470	1453	1420	541	1272	1469	1508	1512	1527	1369	1090	1532
11:08:54	2	6	482.2	1.07	1958.2	381.6				47	77	235	43	39	37	37	54	287	52	43	75	114	79	95	943	117	44	62	273	72	201	436	308	171	126	132	134	139	140	146	150	148	147	161	158	151	149	166	513	731	802	1320	1454	1424	1424	1319	581	1144	1379	1339	529	621	197	117	426	1338	1408	1449	1448	1435	1392	839	244
11:08:59	2	7	475.0	1.05	1966.7	379.2				161	171	1132	802	83	55	106	106	302	104	82	1104	156	56	49	44	42	43	40	44	44	111	256	89	67	301	187	200	502	105	105	176	395	142	145	1057	582	133	330	167	139	138	386	1140	706	160	150	242	1266	1362	1300	664	346	255	221	1064	1284	917	1455	1487	1504	1461	1523	1455
11:09:05	2	8	752.4	0.70	1961.2	379.2				69	88	167	252	74	159	648	368	687	353	437	236	805	101	622	151	58	90	244	58	55	92	899	1312	693	103	682	1320	741	890	1339	1373	1346	1311	516	273	1066	388	437	1393	1397	1362	1388	1418	1394	1372	487	733	130	461	1244	216	337	1350	1367	1346	1376	1404	1420	1230	595	1279	1504	1453
11:09:12	2	9	1051.6	0.47	1968.5	378.6				1047	637	1250	1179	1326	1103	817	120	112	114	111	116	241	225	202	103	129	872	662	738	1237	678	444	1362	1385	1391	632	1211	442	1064	1357	1364	800	238	1297	1446	1387	1373	1427	1763	1466	1391	1411	1442	1423	1419	1359	1373	1350	1360	1354	1383	1422	1403	1380	1354	1389	1412	1454	1455	1474	1439	1500	1489
11:09:17	2	10	1151.2	0.41	1966.7	378.6				756	1440	1096	202	457	1122	1068	274	1438	1513	1484	1504	896	344	1008	941	175	162	311	145	353	1009	582	925	1439	488	1433	1516	1542	1488	1503	1522	1487	1433	1560	1543	449	1254	1538	1896	1571	1486	1511	1535	1341	457	1421	1471	1453	1459	1443	1366	1487	1483	1468	1436	1468	1493	1506	1208	1544	1201	394	1181
11:10:54	3	1	1076.9	0.42	1942.3	367.6				1459	1407	1433	603	1256	423	933	1413	1380	570	1270	540	525	1096	674	530	424	1463	1353	689	470	1357	514	494	545	1321	1075	1255	928	1421	1432	960	997	232	913	251	232	202	621	322	363	1265	1456	1495	1482	1480	1425	1439	1416	1425	1413	1448	1486	1461	1440	1418	1450	1469	1506	1509	1529	1485	1540	1538
11:11:01	3	2	1165.0	0.38	1951.4	365.1				211	231	161	181	231	228	582	936	1151	1228	1224	666	864	1219	1387	1149	602	1445	1449	1402	683	377	658	1337	1421	1419	1444	1491	1515	1438	1290	1350	1438	1411	1567	1529	1469	1452	1506	1856	1541	1455	1476	1504	1481	1475	1406	832	339	1042	1404	1444	1483	1400	1023	893	1427	1419	791	1489	1527	1485	1537	1491
11:11:09	3	3	698.4	0.55	1953.3	365.1				1526	1482	1431	431	538	650	788	646	474	613	934	487	546	255	178	288	380	174	225	1020	497	1018	1216	808	845	587	520	328	453	528	252	208	579	1260	790	584	290	315	434	756	988	253	726	1113	1098	1067	859	489	234	577	593	242	983	1009	1367	1347	1374	1382	1089	810	180	230	807	554
11:11:16	3	4	961.5	0.47	1951.4	365.1				1310	683	553	805	1285	1401	874	624	1379	1231	517	1448	1274	1059	1016	274	651	1434	1427	1435	1440	1357	1494	1450	1287	1421	1462	1274	511	715	766	983	674	1016	1518	1508	1438	1403	1208	284	165	158	159	132	382	923	1144	949	232	511	800	1431	1466	1433	1253	1393	1408	498	538	187	163	782	1180	363
11:11:20	3	5	929.1	0.50	1953.3	365.1				954	1476	1425	849	618	202	389	519	1126	653	180	279	132	163	634	426	629	402	567	949	531	1010	579	156	143	827	654	136	271	206	1157	1195	1054	1014	729	551	836	1133	1350	1755	1476	1398	1416	1364	1374	1345	1100	717	972	1347	1355	1206	1388	1403	1386	1360	1395	1406	1139	1200	1469	1433	1476	1484
11:11:26	3	6	1126.1	0.36	1958.2	365.1				329	1264	1508	962	1122	1403	1430	1421	1476	1473	1443	1467	1410	1088	223	356	1314	1410	940	276	810	687	1393	840	357	1238	1420	1441	1440	1417	1270	477	846	768	1299	595	170	335	427	877	1374	1265	1070	1475	1464	1466	1408	1424	1398	1233	313	1102	1457	1431	1425	1391	1426	1438	1404	1119	1229	1361	1507	1472
11:11:31	3	7	476.6	0.99	1954.5	365.1				1486	1444	1415	261	114	116	328	217	85	559	107	419	271	109	54	58	63	238	640	130	49	45	191	47	41	68	198	46	116	61	51	60	64	112	447	575	96	125	112	149	130	136	147	158	365	828	1058	1185	1174	1152	1111	1104	1122	975	943	687	227	951	1364	389	1102	784	1203	1438
11:11:38	3	8	683.6	0.84	1956.3	365.1				83	98	75	69	74	64	100	76	63	62	85	101	56	57	143	60	56	69	138	718	584	635	685	1047	1317	1220	155	125	683	157	225	1306	1318	827	186	147	203	693	953	1070	648	456	367	334	315	433	1031	1388	1392	1401	1391	1411	1347	1414	1425	1388	1425	1440	1489	1491	1511	1472	1518	1484
11:11:43	3	9	649.7	0.73	1956.3	365.1				1263	1459	1532	1455	1052	564	1412	1344	1167	1372	548	159	352	197	162	316	260	177	379	247	346	896	278	492	347	247	504	233	395	475	445	402	303	354	183	402	346	325	166	388	544	1160	414	940	1391	1376	371	1306	1335	696	647	808	173	150	167	115	192	197	214	684	1352	1431	1481	1496
11:11:49	3	10	687.0	0.67	1959.4	367.6				851	903	427	715	637	942	525	324	960	636	629	262	887	257	262	135	166	217	401	149	481	329	1098	1058	1081	1450	1034	296	1404	868	1167	1444	1411	1384	1488	1421	1299	1234	1168	1244	815	622	490	362	281	223	178	172	161	162	171	181	187	161	158	160	170	445	671	385	1095	1348	1440	1293
11:12:58	4	1	799.2	0.52	1791.5	355.4				1352	1323	1347	1292	1288	1258	1279	1277	1327	1329	1304	1327	1256	1263	1186	819	1279	1245	402	221	1149	1260	741	843	382	317	257	224	518	136	609	204	403	134	187	700	412	353	440	455	510	551	394	585	272	513	434	744	1105	1125	1230	1213	823	237	859	873	1162	1214	990	838	900	544	423	516
11:13:04	4	2	998.8	0.36	1846.5	356.6				1365	1173	970	1184	613	720	837	1102	1310	1314	1084	1270	1233	1279	577	795	200	966	1306	1287	1128	251	216	966	755	573	276	815	1331	1110	953	374	498	929	1379	1237	1329	1148	1380	1703	1374	897	450	370	1088	1240	1269	1180	1089	800	936	519	714	863	1247	1258	597	908	1357	1405	1421	1339	1332	1339
11:13:11	4	3	509.8	0.59	1845.9	356.6				123	130	163	88	97	87	250	125	212	93	108	591	1078	939	394	695	242	718	504	586	701	181	494	789	152	104	121	416	782	799	540	765	831	631	326	273	349	587	295	794	644	411	586	689	628	295	318	437	410	711	303	196	732	757	663	660	455	760	832	1264	1267	1032	766	659
11:13:18	4	4	677.9	0.49	1898.3	357.2				170	156	318	160	140	318	808	1212	606	1052	737	1384	1185	503	542	517	1272	323	482	1016	436	654	742	254	199	727	892	505	342	930	1101	945	571	712	1289	1186	1162	922	944	1228	331	182	257	324	563	550	218	317	485	800	772	656	500	628	911	887	872	689	788	1124	915	591	724	665
11:13:22	4	5	756.0	0.75	1923.4	359.6				1412	917	789	1037	290	507	439	120	100	167	167	804	194	320	106	108	303	120	92	187	114	127	74	79	78	89	106	167	135	152	524	273	149	148	345	1146	1055	1243	1370	1442	993	995	1359	1433	1399	1166	1323	1336	1037	558	942	1395	1446	1418	1406	1374	1416	1436	1476	1484	1502	1461	1511	1526
11:13:31	4	6	613.0	0.56	1941.7	359.6				124	223	163	104	125	646	428	707	1345	1185	618	1248	155	107	101	112	150	1147	1044	179	128	738	577	202	184	172	329	690	844	1031	1133	1023	839	325	800	875	767	888	759	909	478	833	839	357	422	518	242	537	772	601	591	405	905	599	1079	909	622	536	577	962	828	876	913	709
11:13:36	4	7	961.8	0.49	1931.3	359.6				384	189	163	161	269	378	543	732	179	585	427	184	234	1010	802	1151	1060	758	1368	1351	1024	428	543	603	190	270	619	650	1288	579	232	991	1265	561	932	715	1204	1278	1094	1714	1445	1372	1391	1420	1408	1399	1349	1356	1331	1343	1335	1368	1405	1375	1366	1341	1372	1404	1427	1441	1453	1417	1459	1472
11:13:42	4	8	1087.1	0.36	1938.6	360.3				991	1372	786	884	365	469	544	255	364	659	989	1252	925	1262	597	585	1002	1322	1228	914	526	382	253	597	1355	1409	1410	1230	1463	1414	1424	1435	1398	1272	1470	839	471	1195	498	469	1190	793	655	1272	1420	1424	1374	1393	1379	1390	1381	1402	1440	1403	1401	1364	1403	1416	1456	1466	1483	1449	1493	1457
11:13:47	4	9	925.2	0.51	1914.2	359.6				1410	1372	1387	1007	207	1050	1140	878	350	517	181	681	467	704	447	771	1033	1154	1030	819	848	934	141	123	115	120	236	1044	217	147	179	653	480	186	386	1080	1220	557	219	730	1397	1350	1375	1404	1389	1370	1210	1345	1326	1339	1330	1362	1396	1373	1357	1331	1364	1387	1415	1428	1443	1402	1445	1455
11:13:54	4	10	1013.7	0.45	0.0	0.0				183	235	446	277	1086	517	723	559	302	167	247	441	1007	1363	1365	1268	422	207	699	980	981	1374	1384	800	382	749	1221	1372	752	1341	1424	1431	1191	738	1408	1306	876	448	240	401	765	1202	1014	616	1253	1458	1414	1437	1415	1424	1414	1436	1474	1451	1436	1402	1442	1471	1499	1505	1527	1483	1533	1501
11:13:58	4	10	961.1	0.47	1927.6	359.6				1418	459	236	267	224	198	608	326	1132	521	411	389	435	188	360	503	912	1344	1319	1132	269	219	1144	580	1276	1213	732	491	908	1308	1363	996	1102	1338	1216	694	1273	1339	1149	854	343	228	462	1003	1352	1410	1357	1379	1324	997	1281	1393	1429	1403	1391	1358	1387	1415	1449	1457	1476	1437	1481	1454
11:15:13	5	1	253.4	1.01	1933.7	367.6				77	142	344	123	469	65	73	44	41	37	33	30	26	42	159	41	35	308	60	128	113	28	28	74	45	32	137	328	49	299	83	54	59	71	136	317	130	567	579	205	588	315	600	497	962	839	235	703	304	457	434	127	911	476	789	964	145	131	376	306	119	105	108	114
11:15:19	5	2	301.9	1.19	1932.5	368.2				53	49	47	42	39	36	36	38	36	34	30	30	26	26	138	282	87	315	82	23	24	54	20	17	18	26	27	136	108	34	49	149	77	44	379	616	459	157	173	516	486	214	831	286	342	743	1128	202	1079	1343	1334	726	604	528	238	167	175	855	1337	645	176	275	682	397
11:15:25	5	3	326.7	1.20	1940.5	369.4				1403	1387	1408	1312	297	70	62	57	55	163	168	58	39	257	38	37	37	64	224	43	88	41	50	196	63	66	49	55	63	66	78	246	102	75	83	85	93	246	203	146	468	209	212	254	982	1172	917	229	724	181	282	139	301	1270	794	261	139	99	113	655	448	266	745	775
11:15:32	5	4	479.7	1.02	1954.5	369.4				73	68	66	61	64	57	53	50	49	44	43	56	176	70	35	38	123	43	46	42	44	225	991	586	64	44	45	52	71	66	442	457	1050	1289	1420	936	215	1056	1374	1701	1149	224	1256	1374	927	948	1253	588	465	360	969	561	1354	1127	369	329	246	1085	1076	207	174	132	731	415
11:16:08	5	5	537.6	0.98	1953.3	373.7				34	26	28	28	28	25	26	28	40	143	51	29	30	33	36	36	36	34	42	41	133	551	50	68	293	205	1207	232	855	154	204	96	111	191	1339	741	736	647	348	1628	1378	930	134	144	1037	1333	1296	1308	1289	1298	1116	229	920	1221	719	918	1234	1334	1366	1371	1246	920	608	499
11:16:15	5	6	288.0	1.41	1958.2	376.1				66	93	95	51	40	39	39	38	34	32	32	34	33	30	28	28	32	30	30	31	36	36	43	42	41	40	38	44	37	51	105	44	42	58	48	42	137	657	581	455	1386	1069	131	444	1343	1091	1255	681	200	1153	787	100	179	1094	629	105	187	607	1332	800	111	109	91	135
11:16:29	5	5	508.6	1.07	1966.7	378.6				44	41	40	37	35	32	30	37	29	28	28	24	23	26	24	44	55	32	36	40	47	49	77	308	1311	1157	1355	1363	1378	1142	1254	1366	1340	1318	1433	1270	1348	1261	816	735	683	905	1225	1372	1349	1143	1123	505	639	124	98	107	303	100	99	379	144	321	103	262	136	127	177	113
11:16:35	5	6	363.1	1.22	1968.5	379.2				41	36	32	26	26	26	27	26	28	38	79	101	32	33	34	39	36	35	34	39	43	55	61	114	1002	1232	1148	705	148	354	487	200	478	110	398	1066	1179	1148	332	751	1300	1309	1332	1364	1305	796	426	981	715	127	93	148	240	219	110	97	160	126	98	100	100	96	102	121
11:16:40	5	7	593.4	0.90	1970.4	381.6				59	54	56	324	79	34	31	28	29	32	34	33	29	33	37	29	30	106	225	42	55	430	251	499	169	940	1112	992	1361	607	163	467	138	176	1238	1446	1375	923	1376	1608	981	879	1371	1420	1383	985	251	1103	550	1280	1332	1359	1180	255	854	315	417	406	224	662	326	1129	1410	1255
11:16:45	5	8	417.2	1.03	0.0	0.0				41	38	32	28	93	86	400	29	23	24	46	58	86	352	79	93	294	659	648	393	566	278	1329	986	572	1026	152	377	1342	1361	1377	1393	1340	1216	1174	698	315	99	81	109	90	83	168	1015	787	334	689	292	70	40	61	91	158	766	106	501	544	297	122	456	78	76	109	485
11:16:55	5	8	498.2	1.02	1960.6	382.2				77	68	74	61	58	55	50	46	46	39	31	73	238	53	21	30	281	47	35	110	832	198	58	114	258	858	1269	870	826	1131	464	1251	282	439	1439	1456	1394	1362	1211	803	267	478	680	272	1204	1393	1349	1367	1345	1347	1163	316	193	131	94	67	49	148	636	101	341	658	184	98
11:17:04	5	9	557.6	0.98	1963.7	383.5				70	66	333	41	32	39	45	46	48	43	21	35	33	32	27	23	38	27	31	165	62	28	41	25	27	31	46	57	59	303	143	1096	1196	1106	1324	856	1282	337	1119	1621	1077	151	440	1365	1364	960	1209	1274	1283	1304	1090	875	844	1272	1230	1275	434	1259	1132	1235	244	581	721	1113
11:17:12	5	10	527.8	1.03	1961.2	385.3				27	32	200	38	21	27	59	100	129	61	38	28	210	526	280	86	32	31	38	105	48	51	50	95	39	153	508	255	71	61	161	106	147	265	1070	875	325	125	317	765	1314	946	177	489	292	1288	1317	1336	1259	280	305	1178	1370	1354	1340	1310	1340	1202	1081	1396	1426	1391	1433	1399
11:18:24	6	1	499.5	0.87	1980.1	403.6				1562	1493	536	896	454	1326	381	965	530	122	273	961	131	467	477	96	92	304	105	436	154	1140	295	118	152	163	338	421	573	448	555	1221	1417	1256	389	1189	232	440	1294	1455	577	401	454	275	668	440	1326	724	141	128	125	126	128	126	124	162	126	122	125	149	132	124	287	127
11:18:30	6	2	916.5	0.69	1978.3	405.4				186	173	120	111	108	104	103	98	96	92	79	89	82	80	74	78	80	86	98	182	273	672	451	317	849	155	535	1372	1436	1393	1416	1440	1413	1396	1524	1498	1434	1418	1476	1822	1511	1430	1450	1487	1466	1461	1410	1437	1416	1425	1418	1444	1482	1459	1442	1405	1445	1463	1503	1506	1528	1481	1377	805
11:18:36	6	3	392.8	0.98	1985.6	406.6				1325	1158	626	126	111	98	234	344	484	122	112	237	98	62	93	103	86	261	301	668	405	1351	1344	726	671	133	137	643	438	532	180	165	153	209	416	768	1216	1335	396	955	169	272	1213	612	1082	163	133	164	355	127	121	121	158	122	115	110	128	112	120	124	124	138	416	120
11:18:42	6	4	819.7	0.58	1984.4	407.3				1437	1173	1096	1039	184	118	169	231	998	393	104	104	277	540	1109	838	1056	877	245	157	878	1368	1004	1429	1382	830	210	673	406	584	873	1167	1142	1218	1232	1260	1312	1381	1478	1825	1500	694	396	1447	1458	1457	1393	1244	1066	549	422	857	1045	899	590	275	180	155	158	161	168	446	1106	1000
11:18:46	6	5	521.5	1.04	1981.4	409.1				1080	1209	184	90	198	256	444	91	716	39	23	24	22	21	42	24	23	34	252	23	191	41	25	35	45	64	48	53	60	60	67	74	77	92	364	988	1269	865	116	127	107	120	908	1347	1343	1335	1242	261	934	1173	539	1063	1355	1341	1322	1281	613	161	447	1366	1417	1380	1426	1438
11:18:54	6	6	722.3	0.82	1974.6	412.1				66	61	59	54	50	44	39	36	48	283	57	36	28	27	26	23	24	25	23	46	269	240	288	171	484	917	356	1305	1365	1318	1107	427	376	1093	555	512	360	154	270	1040	1278	1375	1401	1445	1430	1428	1381	1397	1379	1386	1385	1408	1444	1420	1404	1374	1410	1398	1151	1453	1433	860	1372	1156
11:18:58	6	7	535.6	0.95	1977.7	413.4				955	132	250	506	116	82	75	72	418	219	62	52	49	45	74	46	48	51	52	99	376	61	455	133	57	118	346	146	183	247	1144	1308	687	530	215	1208	1319	1312	1361	1675	1180	1212	1294	806	1322	1331	1279	1290	1266	1267	890	144	151	147	146	302	241	457	1085	334	151	146	267	1285
11:19:04	6	8	488.8	1.02	1981.4	414.6				594	241	120	104	266	352	322	314	91	64	61	72	174	149	541	284	115	60	82	120	48	68	59	64	69	68	69	85	96	100	130	172	228	229	571	360	152	220	730	1390	420	481	163	146	246	1257	1349	1375	1359	1362	1343	554	160	650	1373	1345	1303	1170	737	186	893	1426	1485	1460
11:19:08	6	9	951.2	0.53	1980.1	414.6				1429	1399	1428	1378	1382	1353	1384	1388	1447	1453	1429	1465	1419	1429	1428	1450	1450	1477	1441	1266	1412	1440	1248	1027	1117	1475	1473	1470	1146	1209	1174	1387	606	1127	1366	905	362	189	241	313	234	183	330	593	733	718	1010	992	657	385	968	336	492	1373	491	183	1128	172	140	148	143	157	167	164
11:19:14	6	10	1142.4	0.40	1969.1	414.6				1539	1349	1260	1394	921	354	690	1327	1493	1499	1440	491	205	184	379	1241	1450	1460	413	748	459	730	644	1240	900	381	783	498	682	168	410	322	1274	1423	1571	1545	1474	1453	1510	1860	1536	1449	1468	1502	1470	1007	1321	1432	1415	1418	1412	1435	1468	1441	1425	1389	1426	1440	1476	1473	1502	1463	1497	1086
11:20:21	7	1	613.1	0.79	1845.9	415.2				122	120	149	835	791	126	109	125	575	464	118	202	218	163	112	356	140	342	84	62	60	75	456	408	63	55	50	58	276	142	333	422	422	77	181	1219	1259	929	1260	617	719	1138	1318	1354	1341	1335	1284	1242	383	817	733	366	1286	1161	949	793	642	1161	824	1271	1400	1334	1414	1407
11:20:29	7	2	462.9	0.81	1831.8	414.6				339	527	267	996	319	455	1141	222	178	131	115	112	104	97	91	94	97	104	101	218	138	198	157	240	98	333	584	705	972	880	723	492	212	153	386	1020	1224	1250	1294	1321	1122	1215	750	380	211	221	326	680	815	238	170	199	559	721	233	148	147	147	173	400	913	777	296	702
11:20:35	7	3	808.1	0.65	1835.5	414.6				1354	1285	1304	533	183	201	1057	159	94	97	71	129	518	64	85	856	317	85	79	169	1126	1227	1090	488	158	54	53	227	192	347	130	140	486	1119	1345	1336	1284	1282	1229	483	1215	1278	1238	497	812	1297	1273	1290	1270	1272	1276	1303	1334	1311	1296	1269	1304	1323	1355	1341	855	1103	1381	1395
11:20:44	7	4	781.4	0.60	1751.9	409.1				100	91	81	133	138	270	422	334	128	104	66	96	255	506	538	698	378	544	337	153	130	102	338	529	921	441	770	819	953	1142	1001	636	407	358	1076	1294	1204	691	1206	1601	1126	776	850	809	1172	1282	1242	1261	1244	1248	1241	1254	1295	1279	1262	1242	1266	1289	1318	1312	1318	1278	1343	1315
11:20:49	7	5	584.3	0.73	1740.9	409.1				168	304	417	463	450	391	131	82	67	130	91	166	137	88	125	221	383	173	216	328	81	56	60	62	51	75	250	773	940	205	565	1114	1074	370	261	669	762	597	351	1154	1132	866	354	1028	1182	1186	1142	1152	1126	705	721	1079	1191	996	273	1009	1143	788	358	1074	1211	1176	1249	1260
11:20:56	7	6	779.4	0.63	1722.6	407.3				66	62	59	55	52	53	64	175	550	995	136	223	67	349	516	97	222	137	125	84	107	318	677	679	798	374	926	1030	1130	1041	1071	1250	1129	316	434	1039	1218	1231	1281	1579	1309	1238	1256	1285	1268	1263	1215	1233	1156	774	1207	1231	1104	1245	1242	1215	1249	1263	1092	990	1294	1220	653	1169
11:21:03	7	7	408.7	0.95	1687.8	407.3				1207	1054	409	1012	627	131	409	118	236	75	43	40	36	34	31	35	39	53	115	502	79	67	67	409	316	727	363	57	216	36	104	161	60	61	70	75	75	81	93	234	235	232	205	130	483	937	181	592	983	343	704	1071	1105	865	1011	698	264	485	1077	1028	1138	1009	658	1168
11:21:09	7	8	571.9	0.84	1640.8	406.6				215	565	145	277	122	164	89	100	99	110	450	738	370	114	87	68	67	70	68	86	214	180	534	632	238	95	140	386	241	269	95	224	219	82	75	73	71	113	523	806	619	1055	1155	1159	1184	1182	1151	1176	1166	1170	1171	1195	1230	1212	1200	1173	1205	1227	1251	1253	1263	1227	1268	498
11:21:13	7	9	413.5	1.11	1700.0	409.1				113	199	510	92	62	51	45	42	45	42	26	23	28	31	54	24	24	46	62	37	24	22	15	22	42	25	38	33	18	22	93	694	154	100	118	150	222	244	181	887	1011	1081	987	763	1184	1018	1029	518	287	795	512	672	500	200	1088	1196	1240	1246	1213	1298	1307	1267	974	422
11:21:20	7	10	612.0	0.85	1782.4	414.6				78	71	69	63	60	53	51	65	71	64	51	134	109	326	87	51	40	99	513	69	35	55	32	28	26	25	37	170	761	1056	1165	1185	931	306	207	488	967	490	758	985	881	1049	1231	1285	1270	1267	1220	1121	1083	1183	1155	1079	1018	710	1225	1219	1251	1265	1236	420	1263	1278	1332	1303
11:23:03	8	1	712.6	0.67	1944.7	463.4				1370	1217	352	1079	752	632	1007	1192	1306	1295	1181	719	143	140	404	97	87	208	159	166	1130	178	605	310	150	585	629	572	83	76	80	96	299	120	382	1175	1253	1255	1312	1628	1364	1291	1206	583	1082	1096	1206	1289	1271	1276	1274	1286	624	1142	973	548	506	197	205	810	453	171	166	163
11:23:08	8	2	715.9	0.78	1977.7	469.5				198	167	123	107	96	85	79	74	407	56	68	113	54	49	51	79	131	198	99	952	357	258	756	562	242	121	83	93	154	124	162	567	999	1045	1375	1400	1354	1349	1193	1706	1445	1337	733	1227	1393	1393	1343	1356	1335	1336	1337	1359	1362	1300	830	563	1139	1295	1166	869	1243	1332	1370	671
11:23:11	8	3	341.6	1.02	1989.3	472.6				461	216	780	1243	421	123	221	703	722	178	66	46	39	54	220	80	57	79	71	511	116	98	142	39	53	230	86	52	24	25	23	28	39	59	136	797	1270	1272	821	561	592	270	774	175	157	239	570	930	546	458	1209	386	171	228	163	323	1154	196	166	165	170	171	220	269
11:23:20	8	4	795.6	0.62	1978.3	477.4				187	326	984	1093	971	626	450	1015	155	77	140	625	821	959	952	288	649	1127	1114	1031	481	206	645	323	134	83	101	324	992	971	131	51	46	127	167	377	1266	1272	447	1606	1413	1341	1365	1400	1387	1386	1338	1362	1343	1349	1347	1368	1399	1254	714	922	1323	1380	1371	670	234	223	551	1144
11:23:24	8	5	607.0	0.89	0.0	0.0				1270	387	206	573	149	103	338	387	296	79	86	51	35	32	39	34	38	39	39	62	36	32	32	40	52	134	78	49	53	75	363	524	226	85	218	1070	1031	1003	1288	1597	1296	957	1266	1307	674	253	1142	1203	1183	379	1203	1281	1318	1279	837	1233	1294	1306	1156	642	1328	1304	1381	1397
11:23:29	8	5	464.2	0.99	1906.3	481.1				143	197	184	136	750	370	486	651	838	93	252	67	38	33	34	34	37	38	39	45	46	33	33	38	48	293	72	44	43	55	75	262	272	109	108	320	334	120	130	300	676	706	1223	1260	961	217	799	998	429	263	528	581	1269	1262	1245	831	1166	1280	1125	404	1263	1284	1362	1383
11:23:36	8	6	538.2	1.04	1956.3	489.0				121	114	115	87	79	80	176	116	197	101	60	53	47	40	35	33	35	35	30	27	30	35	42	43	53	87	575	1177	1288	477	769	960	774	120	114	112	141	178	208	272	207	234	248	399	762	1280	1362	1397	1379	1334	1383	1408	1445	1423	1408	1372	1406	1414	1418	586	239	515	1393	1397
11:23:44	8	7	464.7	0.92	1955.7	494.5				1256	949	645	1189	1220	1191	1196	665	55	44	580	69	30	22	22	44	523	34	26	26	38	326	158	48	31	33	135	39	48	518	69	176	389	135	579	190	667	1119	1225	629	1076	1222	1162	239	347	1227	1124	235	539	1011	221	458	194	172	260	554	1131	298	813	189	164	172	227	372
11:23:53	8	8	604.0	0.92	1936.2	502.5				62	57	55	49	45	44	71	45	32	29	26	35	174	70	31	60	25	41	66	157	316	430	528	102	913	317	81	78	88	105	161	303	511	569	891	833	315	125	127	276	675	1123	1297	1345	1340	1338	1295	1327	1292	1315	1318	1341	1377	1291	940	1254	1345	1350	1375	1273	1117	1348	1410	1334
11:23:58	8	9	468.9	1.00	1928.3	507.4				1383	1259	533	1268	1190	296	851	1125	1285	974	136	107	64	39	25	24	21	24	25	24	25	29	36	34	100	88	36	60	261	128	278	95	540	391	604	1207	1200	1209	400	1422	1129	1282	1256	349	284	332	1206	974	236	148	241	215	151	146	146	144	149	176	163	400	890	308	716	179
11:24:05	8	10	661.4	0.82	1933.7	514.1				107	101	99	95	99	114	81	86	563	747	88	117	477	47	37	28	25	40	30	25	25	30	31	30	50	134	659	128	178	326	170	679	1241	1266	1371	1347	1282	1270	1323	1636	1342	817	1266	1136	1253	1312	1265	1281	976	529	1183	1218	1013	1148	1279	1250	1049	775	1290	1310	917	1136	1058	345
11:24:50	9	1	636.4	0.66	2016.1	555.0				1506	1463	1475	1306	673	405	421	1076	150	293	331	115	731	694	1000	1302	313	163	147	268	824	358	414	299	763	245	525	528	899	336	218	206	230	391	570	855	1064	1337	1436	1526	651	1362	1222	830	650	223	378	313	248	372	453	312	394	296	250	940	1135	270	185	346	1037	573	1072	364
11:24:56	9	2	1025.0	0.39	2000.3	557.4				903	1052	1359	1339	1330	1296	1312	1206	588	203	430	549	837	336	1136	1328	1343	1368	1331	1286	504	1293	753	613	334	509	739	449	1275	473	1213	1436	1417	1396	1487	738	263	1201	1423	1791	1494	1407	1417	1470	1449	1437	1383	1302	756	731	1090	1412	1446	942	337	461	1236	1114	532	588	761	996	1047	958
11:24:59	9	3	878.7	0.47	1984.4	557.4				1541	1294	1278	1161	832	649	598	612	749	760	286	557	284	267	695	1361	1194	1401	1359	575	444	1141	1130	242	301	439	394	1148	1290	1369	1398	1429	1396	1372	1220	332	376	493	318	349	379	274	657	1107	1435	1427	1277	954	339	847	1183	886	864	1172	1232	1003	1015	355	1319	338	565	1195	916	1465
11:25:05	9	4	901.8	0.57	1969.1	557.4				1084	1456	1511	1429	1266	697	289	403	385	268	269	197	184	165	166	250	136	111	126	285	714	692	654	287	283	245	315	509	320	663	869	1332	1408	1396	1510	1494	1428	1418	1474	1823	1516	1428	1447	1423	903	1428	1357	1246	1155	1214	1187	1142	416	1362	1268	1279	1120	961	425	1062	973	996	1460	1438
11:25:15	9	5	813.2	0.48	1991.1	559.2				751	302	1214	1312	1322	1273	684	1271	1211	430	970	753	991	1336	1335	1341	1206	271	248	1123	696	1027	555	564	1003	727	569	1128	1334	1294	1255	439	558	608	1026	685	1257	1148	1308	1608	671	560	552	1013	273	311	227	250	502	1007	541	237	243	439	665	1024	1272	1194	295	240	266	992	568	579
11:25:21	9	6	1132.4	0.33	1967.3	559.2				1516	1469	1485	1409	1290	566	617	813	691	996	824	447	441	1223	743	266	903	1257	721	335	1034	1275	794	1343	589	1012	1385	1395	1420	1363	510	920	1231	1361	1489	1464	1374	656	1430	1799	1492	1278	1205	1408	1447	1283	1402	1428	1408	1416	1412	1435	1284	984	1431	1404	1452	1459	1458	812	355	526	1381	1460
11:25:28	9	7	901.9	0.46	1894.7	557.4				1455	1425	1450	1388	1370	1328	1350	1343	1395	1395	937	1291	1330	1318	750	1048	1251	630	900	204	230	268	543	819	297	443	793	808	1028	1288	950	1147	1315	995	1240	739	771	1123	402	1460	473	1195	1329	1354	1282	1015	608	1252	1170	315	228	264	590	349	314	1173	929	237	248	940	375	1037	535	294
11:25:34	9	8	1232.6	0.25	1918.5	558.0				1530	1486	1511	1449	1436	1401	1422	1411	1447	672	743	613	882	1217	1053	909	506	1265	985	430	886	1296	1361	1339	1253	801	1046	1320	1359	705	882	1334	1137	461	796	1274	1272	1381	1450	1801	1496	1418	1440	1470	1454	1442	1391	1421	1398	1399	1399	1421	1453	1429	1416	1296	530	1397	1452	1450	1465	1411	1490	1426
11:25:38	9	9	749.6	0.57	1944.7	559.2				1212	716	398	449	525	893	797	288	270	384	179	189	267	423	329	187	193	397	723	533	1177	927	748	375	264	218	499	1305	1339	611	404	222	218	430	620	700	866	1121	1342	1582	507	253	1065	1339	725	482	276	924	1294	1272	393	813	1375	1363	1358	1331	1368	1210	779	917	1395	529	1263	1428
11:25:45	9	10	1057.0	0.38	1962.4	559.2				1511	1460	1440	888	281	286	461	425	493	567	726	915	1057	914	648	882	256	476	1206	1168	303	569	1143	525	1245	1355	1353	1291	409	932	509	562	1296	1320	1420	886	412	1213	1159	574	1409	1341	1098	1443	1260	1213	1370	1404	1385	1390	1389	1414	1451	1433	1423	1393	1433	1442	1474	1480	1497	1450	1502	1021
11:26:26	10	1	673.7	0.65	1918.5	551.9				1454	1349	1010	960	1011	381	438	668	526	672	1249	705	217	225	148	134	481	130	115	398	748	84	101	87	117	101	95	166	535	240	433	643	153	135	152	158	143	169	215	574	1016	1019	1164	1335	948	622	1060	1081	990	1084	1193	978	749	1292	1227	1054	990	1202	1263	1117	1087	1053	1074	1199
11:26:33	10	2	653.7	0.63	1867.8	550.1				1155	729	295	244	230	216	248	433	445	193	170	159	144	189	136	147	134	228	247	379	312	280	262	224	213	178	231	246	799	992	1065	746	763	983	1280	801	1057	514	306	1259	1223	963	851	982	1098	1337	1303	1312	1002	612	1059	1074	1030	1234	1092	412	1213	1055	428	935	924	273	785	1012
11:26:38	10	3	925.4	0.53	1857.5	548.2				1337	1423	1446	1383	1372	1334	1352	1341	1382	1108	764	268	186	160	157	435	166	140	182	140	166	537	429	451	151	164	189	462	519	1106	1271	1149	1269	1150	650	1320	1153	1251	1197	1679	1382	1375	1401	1458	1439	1424	1374	1353	1372	1379	1207	1326	1134	434	1303	1279	1121	556	646	250	798	1258	792	825
11:26:44	10	4	834.3	0.53	1916.7	548.2				197	211	197	236	177	164	316	432	1107	849	393	150	232	213	139	138	179	1062	1193	1031	285	993	1198	873	712	507	822	769	1159	871	681	1345	1386	1214	1295	1363	1396	1380	1334	1424	1409	1364	1189	1257	1351	1234	1330	1226	1287	1328	1105	674	864	466	1027	967	827	951	1076	976	499	636	279	456
11:26:49	10	5	871.6	0.43	1927.6	547.0				994	1229	1324	565	416	938	1277	1232	1011	338	182	162	281	875	232	195	292	895	887	946	562	327	318	334	447	868	648	1110	1327	1155	1276	1381	1051	463	737	1047	1335	1349	1391	1689	1449	1210	1113	1057	913	1333	1330	1233	852	1001	1176	838	873	941	770	598	604	488	801	756	634	926	868	934
11:26:55	10	6	770.0	0.49	1887.4	545.2				1321	1439	1467	1401	1374	1346	1110	1301	1246	1322	1249	698	286	639	1034	1178	676	452	209	261	1102	542	714	603	861	670	743	193	391	251	501	890	1113	1219	1293	600	473	295	362	845	837	1150	1213	524	1044	793	918	777	687	429	570	656	302	279	356	255	404	689	599	949	263	868	699	357
11:27:00	10	7	845.6	0.53	0.0	0.0				294	351	218	743	1306	1258	523	349	237	510	309	1270	1106	985	727	644	315	855	378	546	887	834	261	255	283	173	202	426	197	226	288	595	1131	300	210	643	597	1107	549	1048	1360	1344	1374	1408	1395	1386	1349	1362	1181	1063	1288	1373	1416	1367	1172	1153	1088	989	1281	1410	908	1375	1469	1477
11:27:05	10	7	684.7	0.62	1847.7	544.0				206	197	218	205	313	205	270	272	1006	1153	1137	596	286	219	467	356	852	809	908	539	380	176	163	165	170	196	220	176	288	350	189	378	548	430	240	222	679	787	223	787	832	492	815	1245	1187	867	1212	1239	1222	1162	628	1102	1290	1255	1249	1204	1278	1291	1314	1222	1289	1083	1239	1126
11:27:12	10	8	836.0	0.43	1817.8	544.0				945	1278	953	598	364	280	265	342	213	199	190	470	228	708	477	223	378	1060	1187	1199	1192	757	960	928	525	369	663	514	1113	1158	971	1142	1085	786	231	191	695	1052	600	1527	1316	1247	1257	1272	1263	1172	949	970	1073	946	1076	886	911	1099	1172	1033	1139	1153	1128	1076	650	806	953	946
11:27:17	10	9	750.5	0.50	1758.0	543.4				1311	1211	997	1175	425	818	886	950	933	348	629	270	214	95	91	242	499	159	120	285	814	696	340	267	736	463	929	583	955	871	795	1205	1075	1113	959	1047	1066	707	653	752	1244	1255	1280	1305	1282	1096	1220	1222	1009	1000	1014	1077	390	376	517	302	581	521	580	359	205	349	1004	1164
11:27:23	10	10	792.1	0.57	1795.8	545.2				162	166	144	120	107	92	89	225	490	135	154	192	151	305	152	339	600	950	1102	1062	925	942	1192	1258	1255	1148	1131	741	882	1231	951	1089	1266	1262	1320	1201	1224	1274	1335	1646	1362	1218	1142	1322	1303	1290	1239	1244	809	538	1195	1204	693	253	263	368	773	989	529	714	597	810	219	611
