Created by SunData for Windows Mobile v2.0.0.1
	
Title     :	Sample Experiment
Location  :	cae canol
	
2016-07-18		
SunScan probe v1.02R (C) JGW 2004/01/19
	
Ext Sensor: BFS
Group   1 :	group
	
Time	Plot	Sample	PAR	Spread	Total	Diffuse			Notes	1	2	3	4	5	6	7	8	9	10	11	12	13	14	15	16	17	18	19	20	21	22	23	24	25	26	27	28	29	30	31	32	33	34	35	36	37	38	39	40	41	42	43	44	45	46	47	48	49	50	51	52	53	54	55	56	57	58	59	60	61	62	63	 tip 64
	
12:06:10	256	1	1543.1	0.04	1884.3	340.7				1592	1556	1588	1526	1518	1487	1512	1510	1567	1574	1543	1576	1527	1533	1526	1540	1542	1571	1529	1527	1551	1534	1559	1532	1532	1543	1536	1539	1557	1506	1528	1554	1524	1508	1629	1593	1522	1503	1563	1923	1596	1506	1529	1563	1539	1527	1471	1485	1463	1474	1470	1501	1541	1517	1502	1471	1507	1529	1561	1566	1586	1549	1612	1614
12:06:12	256	2	1543.0	0.04	0.0	0.0				1590	1556	1587	1523	1522	1487	1513	1510	1571	1582	1548	1574	1527	1531	1523	1540	1540	1569	1529	1526	1553	1541	1566	1536	1536	1545	1540	1537	1555	1508	1526	1555	1522	1506	1627	1591	1522	1503	1565	1923	1594	1504	1529	1561	1541	1525	1468	1483	1463	1471	1466	1496	1539	1519	1502	1467	1507	1527	1561	1566	1586	1551	1611	1609
12:06:20	256	3	1534.3	0.04	1889.8	340.7				1623	1575	1606	1538	1528	1498	1521	1516	1573	1574	1546	1576	1525	1537	1526	1542	1542	1571	1527	1524	1542	1527	1553	1523	1517	1527	1521	1527	1543	1493	1511	1537	1504	1491	1608	1573	1506	1487	1548	1905	1579	1494	1516	1552	1527	1514	1465	1485	1466	1472	1466	1484	1524	1502	1487	1451	1480	1504	1542	1543	1561	1527	1589	1558
12:06:21	256	4	1536.7	0.04	1890.4	340.7				1614	1569	1594	1530	1522	1491	1511	1506	1563	1565	1532	1567	1518	1525	1517	1535	1538	1562	1523	1518	1540	1524	1553	1523	1519	1531	1527	1531	1549	1498	1517	1543	1508	1495	1612	1577	1510	1491	1552	1913	1583	1500	1522	1560	1533	1524	1471	1492	1472	1481	1477	1496	1535	1515	1500	1463	1493	1514	1555	1555	1577	1541	1604	1576
12:06:23	256	5	1553.1	0.04	1890.4	340.7				1633	1588	1617	1548	1540	1507	1532	1532	1583	1584	1558	1589	1539	1547	1538	1554	1557	1586	1544	1539	1562	1541	1568	1538	1534	1545	1540	1546	1564	1510	1530	1557	1526	1510	1631	1595	1525	1507	1567	1933	1603	1512	1537	1571	1550	1541	1490	1511	1489	1494	1489	1507	1550	1529	1515	1474	1503	1526	1567	1564	1583	1551	1617	1585
12:06:25	256	6	1560.2	0.04	1889.8	337.7				1642	1596	1627	1558	1547	1517	1538	1536	1589	1591	1560	1593	1545	1553	1542	1562	1565	1595	1552	1548	1566	1548	1574	1542	1540	1553	1546	1550	1568	1518	1538	1563	1529	1513	1637	1603	1533	1515	1580	1944	1614	1520	1541	1581	1556	1547	1494	1514	1494	1500	1495	1515	1559	1532	1521	1484	1514	1536	1576	1573	1593	1559	1623	1595
12:06:27	256	7	1561.6	0.04	1889.8	337.7				1645	1601	1629	1560	1554	1519	1542	1536	1587	1593	1565	1600	1549	1557	1550	1566	1565	1593	1552	1549	1570	1551	1579	1548	1544	1553	1549	1554	1570	1518	1538	1565	1534	1517	1640	1602	1537	1515	1577	1941	1610	1520	1543	1581	1556	1545	1492	1516	1497	1500	1495	1516	1559	1536	1521	1484	1512	1534	1573	1573	1593	1559	1621	1590
12:06:28	256	8	1551.3	0.04	1884.3	337.7				1635	1590	1619	1554	1548	1511	1534	1530	1583	1584	1558	1591	1539	1549	1540	1555	1557	1586	1544	1539	1562	1543	1568	1538	1534	1545	1540	1543	1559	1508	1528	1554	1526	1508	1627	1591	1522	1505	1565	1931	1600	1510	1535	1571	1543	1533	1478	1505	1485	1487	1487	1507	1548	1521	1506	1469	1499	1527	1567	1559	1577	1544	1606	1576
12:06:32	256	9	1552.7	0.04	1885.5	337.7				1631	1590	1619	1550	1544	1507	1531	1526	1580	1580	1555	1584	1537	1549	1538	1554	1555	1584	1542	1536	1557	1542	1568	1536	1534	1543	1541	1543	1562	1512	1530	1553	1526	1506	1627	1591	1527	1507	1570	1931	1600	1514	1535	1569	1546	1539	1485	1509	1493	1496	1491	1511	1549	1528	1514	1476	1507	1527	1571	1571	1588	1555	1615	1588
12:06:34	256	10	1558.3	0.04	1884.3	337.7				1642	1594	1625	1560	1550	1515	1538	1532	1589	1589	1560	1594	1545	1556	1547	1564	1565	1591	1548	1545	1568	1549	1577	1540	1540	1549	1544	1552	1566	1514	1532	1561	1529	1516	1633	1596	1529	1511	1572	1936	1606	1518	1545	1577	1557	1545	1492	1511	1492	1496	1494	1513	1552	1530	1517	1480	1509	1529	1569	1569	1592	1559	1624	1592
12:06:36	256	11	1553.6	0.04	0.0	0.0				1632	1588	1619	1550	1539	1505	1531	1526	1581	1582	1554	1587	1539	1547	1540	1558	1557	1586	1544	1539	1562	1545	1570	1540	1534	1547	1540	1546	1566	1512	1531	1555	1525	1510	1631	1597	1527	1507	1570	1936	1602	1514	1539	1573	1548	1539	1488	1509	1489	1494	1489	1509	1548	1528	1513	1476	1505	1529	1569	1569	1591	1557	1617	1588
12:06:43	256	11	1565.1	0.04	1880.6	336.5				1665	1618	1648	1575	1568	1535	1558	1551	1609	1610	1577	1612	1563	1569	1560	1574	1578	1599	1555	1556	1574	1556	1583	1552	1547	1561	1553	1557	1576	1522	1540	1567	1535	1519	1642	1601	1537	1515	1576	1941	1609	1520	1545	1579	1554	1543	1494	1514	1496	1498	1493	1511	1552	1530	1515	1478	1510	1527	1570	1566	1586	1553	1612	1583
12:06:45	256	12	1557.1	0.04	0.0	0.0				1641	1594	1623	1557	1544	1515	1538	1536	1589	1591	1560	1595	1541	1553	1546	1560	1563	1593	1546	1542	1566	1551	1572	1544	1540	1549	1544	1554	1569	1518	1538	1559	1531	1514	1633	1598	1527	1511	1572	1938	1606	1520	1542	1577	1550	1543	1492	1511	1492	1497	1491	1510	1550	1530	1513	1476	1505	1525	1569	1569	1586	1550	1614	1583
12:06:53	256	12	1543.7	0.04	1880.6	335.2				1631	1586	1612	1548	1538	1505	1532	1528	1581	1582	1553	1584	1539	1543	1534	1550	1550	1582	1537	1532	1555	1536	1563	1532	1528	1537	1532	1537	1555	1504	1523	1547	1516	1498	1619	1581	1514	1497	1559	1920	1589	1502	1522	1558	1533	1525	1473	1494	1472	1479	1476	1496	1536	1511	1498	1461	1488	1512	1553	1550	1570	1538	1597	1566
12:06:55	256	13	1561.4	0.04	1881.3	335.2				1646	1600	1627	1560	1550	1519	1540	1536	1594	1594	1567	1597	1547	1557	1550	1564	1567	1597	1555	1547	1568	1551	1579	1545	1542	1553	1549	1554	1572	1520	1540	1563	1533	1518	1640	1603	1533	1513	1576	1941	1610	1522	1543	1577	1553	1545	1494	1516	1496	1502	1495	1515	1554	1534	1519	1483	1513	1533	1576	1575	1593	1557	1624	1592
12:06:56	256	14	1552.0	0.04	1881.3	335.2				1635	1591	1614	1551	1546	1509	1534	1530	1583	1584	1554	1587	1541	1547	1540	1552	1555	1586	1542	1539	1557	1541	1566	1538	1534	1543	1539	1543	1562	1510	1528	1555	1524	1506	1627	1591	1526	1505	1567	1931	1600	1512	1535	1571	1546	1539	1485	1505	1486	1492	1486	1509	1548	1528	1511	1476	1503	1527	1567	1566	1584	1551	1611	1580
12:06:58	256	15	1551.9	0.04	1881.3	334.6				1642	1596	1623	1558	1548	1515	1540	1533	1589	1590	1560	1594	1545	1553	1544	1560	1561	1591	1544	1541	1563	1545	1572	1540	1536	1547	1540	1543	1562	1510	1530	1555	1525	1508	1626	1591	1523	1505	1565	1931	1598	1508	1531	1567	1541	1531	1478	1498	1483	1489	1482	1503	1544	1519	1504	1467	1499	1518	1560	1559	1577	1544	1605	1573
12:10:19	1	1	460.6	1.04	1873.3	313.3				702	445	172	51	60	67	44	42	47	230	95	37	33	31	29	34	35	33	33	36	50	39	44	43	93	315	114	60	62	271	875	195	246	645	1278	449	457	1187	174	439	1227	1136	1358	965	270	1087	1111	456	685	1140	1282	1353	657	605	748	1326	1364	1380	1341	254	197	27	41	175
12:10:25	1	2	501.2	0.93	1867.8	312.7				233	1209	174	582	487	105	43	38	38	86	68	31	33	257	274	37	32	34	108	35	38	46	44	43	51	59	160	61	64	141	291	865	236	1109	856	544	518	164	308	689	559	1362	1369	1025	215	354	614	1063	1275	1361	1359	1303	844	1193	1221	421	367	867	1123	1267	710	1150	678	188
12:10:38	1	3	141.9	1.64	1861.7	313.3				46	48	49	52	56	53	53	57	56	62	252	59	50	50	57	138	54	46	45	47	46	46	42	44	62	57	56	56	83	605	122	189	127	79	81	257	1111	877	1021	934	132	103	84	78	76	75	74	74	74	71	70	71	76	95	45	77	166	33	32	82	85	63	64	62
12:10:43	1	4	325.6	1.05	1866.6	313.3				79	75	75	73	105	255	73	58	57	53	49	49	45	40	35	37	74	316	52	39	38	58	33	32	48	66	51	106	708	284	80	303	1044	758	756	231	265	784	674	362	102	88	106	272	162	98	371	917	1037	1127	1021	244	458	878	240	339	896	1019	1008	833	524	247	383	155
12:10:50	1	5	389.7	1.14	1875.8	313.3				1391	1363	1290	1160	1324	1284	1282	1273	396	538	335	507	92	42	37	252	37	31	26	24	25	40	579	40	22	22	73	62	27	27	29	34	59	36	42	44	43	45	51	84	368	1014	771	688	1028	602	275	91	121	144	923	236	415	186	104	257	1148	230	87	146	412	664	827	145
12:11:04	1	6	324.4	1.34	1875.8	313.3				26	26	26	25	34	25	21	20	23	201	28	27	94	96	49	33	31	32	31	24	27	26	26	35	39	53	752	937	132	110	184	891	856	578	751	355	224	309	1133	1505	1484	1469	1173	1265	1437	893	453	409	274	204	226	170	177	152	116	107	107	107	108	106	107	120	193	120
12:11:09	1	7	331.6	1.32	1876.4	313.3				49	47	40	39	38	35	34	35	37	33	21	42	129	50	358	760	110	71	35	31	33	34	37	39	45	48	46	55	64	64	68	73	73	74	83	93	365	366	105	116	95	93	116	125	149	307	114	559	1013	688	160	731	949	783	416	977	926	1206	1362	1387	1370	960	1422	1440
12:11:16	1	8	236.2	1.19	1873.3	313.3				47	43	50	38	39	37	35	35	37	83	297	67	48	43	42	52	104	43	47	51	55	58	63	65	68	71	73	77	115	667	908	155	369	628	179	97	85	84	89	108	86	83	85	90	98	113	302	674	833	685	911	698	181	104	494	1118	670	842	409	258	134	177	142	685
12:11:24	1	9	444.1	1.00	1872.7	314.5				69	58	62	60	60	116	263	224	1057	230	250	231	311	168	164	528	100	42	37	38	41	53	552	749	63	34	34	44	48	80	64	72	67	76	85	86	117	313	169	459	133	381	128	579	722	294	1130	1104	852	1204	1209	1235	1251	796	829	679	1196	1239	1290	1271	477	862	1327	964
12:11:30	1	10	553.5	1.05	1870.3	314.5				245	63	49	40	38	37	36	35	51	89	49	59	199	69	45	59	44	47	48	48	62	75	59	67	89	78	148	1175	1316	200	225	135	102	257	382	295	915	575	293	708	538	161	186	714	1050	338	1300	1254	572	456	1003	1404	1485	1466	1451	1424	1461	1480	1515	1517	1534	1500	1563	1549
12:13:26	2	1	169.2	1.88	1882.5	324.2				91	233	145	90	46	302	1079	1293	1021	110	38	22	16	17	16	15	16	16	13	14	14	13	23	13	41	83	24	10	9	8	8	10	10	11	11	14	13	14	19	26	30	31	30	30	32	33	38	43	51	56	60	78	188	238	129	482	241	842	284	306	1202	1184	155	100
12:13:35	2	2	190.9	1.56	1876.4	324.2				42	38	35	26	21	19	15	16	16	14	13	15	91	14	14	92	15	15	14	11	12	15	35	355	19	15	39	27	248	140	38	42	205	1137	1094	971	85	99	349	150	482	100	62	89	149	287	294	1259	953	76	49	49	559	724	54	77	190	101	385	100	69	319	114	73
12:13:39	2	3	70.7	1.49	1875.8	324.2				53	48	45	38	35	31	27	25	21	16	14	13	13	14	15	13	14	13	11	9	9	8	8	8	9	11	13	15	17	18	20	23	26	27	31	37	42	45	51	68	60	61	105	104	69	69	69	71	72	76	83	408	90	92	440	631	176	148	142	96	100	204	104	102
12:13:47	2	4	95.0	1.43	1867.8	326.7				20	20	19	23	13	12	11	11	10	11	10	11	11	11	11	11	12	13	15	16	19	25	212	37	27	28	30	44	353	154	46	48	49	51	58	61	126	70	75	81	72	113	175	88	66	64	61	63	70	487	641	362	195	88	194	64	87	81	57	673	264	65	64	124
12:13:52	2	5	511.0	0.94	1876.4	326.7				693	1389	1233	613	154	386	1000	1362	1321	355	978	1397	1294	1130	1390	1365	1416	1439	1208	426	946	209	118	109	204	1016	1034	1226	152	152	130	111	212	333	196	203	121	115	387	197	354	114	128	183	97	89	87	102	209	185	107	127	554	270	719	206	241	525	108	64	125	125	133	133
12:13:57	2	6	618.5	0.80	1868.4	326.7				1060	1088	1199	959	254	1207	1379	1225	1189	822	188	111	110	111	129	333	713	630	270	164	639	731	410	178	208	757	1236	1349	1380	1332	1351	1383	1367	1344	1441	1297	1165	1031	851	1499	564	595	568	123	246	120	98	97	95	96	194	222	170	117	341	342	673	270	138	90	86	82	84	82
12:14:02	2	7	186.6	1.82	1873.3	326.7				1410	1376	1395	917	581	293	191	499	925	366	43	44	24	19	11	10	21	13	9	6	8	9	8	10	8	9	8	16	208	15	17	22	55	24	31	40	95	672	396	123	67	48	63	51	52	53	52	52	50	55	51	51	53	52	52	50	52	55	57	57	62	113	74	697
12:14:07	2	8	350.6	1.23	1864.8	326.7				71	65	62	55	48	40	36	31	27	23	18	17	16	15	13	14	15	15	15	13	16	16	15	15	16	22	71	21	26	42	488	99	117	215	893	1117	1204	974	525	267	853	127	241	1057	1014	1304	1208	236	718	160	1010	750	165	1000	797	1238	1006	117	101	580	242	116	395	1240
12:14:11	2	9	158.2	1.82	1862.3	326.7				1494	1340	316	577	238	63	47	40	39	42	62	513	1100	82	53	55	89	53	56	45	53	123	49	42	95	106	53	55	64	56	69	233	764	135	59	56	89	49	49	59	47	41	37	36	41	112	43	45	46	47	46	49	52	53	53	55	59	62	67	70	75	78	155	203
12:14:16	2	10	317.7	1.10	1862.3	326.7				68	66	66	57	49	52	47	46	132	851	794	840	346	59	47	44	73	394	91	249	371	1084	757	813	536	721	1376	1406	805	1011	778	344	629	100	67	61	61	63	72	136	253	569	80	66	63	61	71	399	239	29	44	86	494	105	77	566	163	64	74	395	111	125	555	87
12:16:27	3	1	460.5	0.92	1887.4	323.6				1466	1431	1427	318	127	637	143	535	113	171	252	125	123	107	68	75	138	399	109	468	353	638	91	53	49	53	67	73	58	86	670	1109	975	1264	1030	1203	1169	870	111	203	838	1121	997	274	203	646	329	333	633	219	913	113	223	1178	483	503	756	125	118	259	498	113	110	135
12:16:33	3	2	417.3	0.90	1893.5	323.6				590	132	398	385	89	82	114	62	62	71	73	102	67	76	307	551	202	66	101	62	187	472	92	210	199	946	499	1086	320	92	230	209	567	354	614	154	186	817	764	1675	757	406	1106	285	226	812	881	244	119	109	748	938	90	67	496	277	148	652	909	1407	1328	736	466	236
12:16:37	3	3	391.7	0.98	1896.5	321.2				1066	726	384	351	102	224	434	306	203	85	76	553	215	1205	106	268	38	29	30	236	42	39	39	43	351	768	46	29	30	30	33	47	378	441	766	1100	411	333	1144	959	313	61	62	161	73	68	97	120	142	705	272	366	1223	1253	1185	1298	911	259	425	146	427	694	830	316
12:16:45	3	4	513.9	1.01	1904.4	319.4				45	40	42	187	51	33	31	29	28	29	30	33	33	34	84	41	90	62	68	38	59	58	110	529	211	67	250	328	878	251	546	175	889	835	1195	483	94	114	497	1502	922	224	207	826	386	833	1245	1386	1376	1388	1387	1412	1448	1429	1397	1095	372	314	473	337	576	866	1387	1511
12:16:51	3	5	304.1	1.07	1908.7	319.4				59	56	69	63	119	44	49	46	57	186	45	47	44	47	38	37	36	38	36	44	53	81	71	123	179	268	935	654	303	201	386	483	1175	1017	1051	564	973	256	609	159	147	932	647	602	126	105	276	120	677	1017	114	97	239	391	112	606	395	98	95	93	108	197	899	673
12:16:58	3	6	396.3	1.09	1908.7	318.8				129	330	82	107	557	648	162	288	263	235	205	74	156	61	248	148	53	52	51	53	54	50	67	54	59	76	184	90	491	1025	107	166	139	296	954	122	160	175	423	1491	1368	205	140	96	86	297	1239	864	113	93	97	397	254	1308	438	248	1084	857	1416	1441	1408	338	563	927
12:17:02	3	7	584.9	0.77	1906.3	318.8				1440	1413	1452	1347	1362	1164	476	251	476	708	109	107	90	440	301	142	727	432	171	123	295	714	98	296	1083	188	409	265	87	133	89	253	132	424	478	258	337	125	111	164	171	241	124	499	1335	537	1064	1351	1148	532	1322	1334	1338	866	830	708	697	419	844	797	1373	520	596	117
12:17:08	3	8	613.4	0.88	1903.2	315.7				472	778	177	156	291	1287	534	762	1467	1249	195	773	513	125	80	189	374	105	427	169	82	83	98	145	144	90	88	116	516	188	274	103	96	103	96	120	111	331	1035	1092	364	327	590	1518	793	1569	1440	1554	1492	487	1470	1577	1617	1585	1208	1281	799	967	1564	763	873	142	114	131
12:17:13	3	9	348.3	1.43	1901.4	315.7				137	82	80	76	220	55	41	57	588	34	19	18	22	22	23	25	22	20	16	17	18	25	62	34	29	33	42	263	100	45	41	45	46	47	57	64	86	510	90	103	115	91	97	106	135	766	170	143	376	556	604	963	1469	1454	1438	1403	1010	447	1463	1498	1515	1463	1346	355
12:17:27	3	10	467.3	1.10	1893.5	314.5				34	38	39	35	99	837	354	474	62	32	31	136	100	29	30	26	25	25	24	24	22	23	29	23	28	32	31	37	70	1010	1255	1210	932	519	370	145	129	218	535	1336	1457	1422	1450	1481	1462	1452	1391	838	1256	1280	1172	995	257	573	466	346	252	200	184	196	298	385	483	211
12:19:17	4	1	679.2	0.86	1895.3	314.5				1484	1446	1487	1380	677	444	432	169	78	270	69	69	37	33	34	35	38	53	63	89	391	56	34	12	10	37	506	382	346	174	102	273	411	333	691	396	146	299	147	282	200	922	1330	1453	1447	1438	1319	1362	1383	1392	1389	1412	1067	1292	1193	933	1232	406	1391	1479	1497	1459	1523	1537
12:19:23	4	2	737.8	0.65	1891.6	314.5				288	940	1341	600	175	400	166	183	86	324	178	248	362	305	626	518	1032	1321	1216	1484	705	1182	1013	1331	365	927	564	560	961	621	463	1119	1379	490	1539	1167	565	1432	1523	1879	1550	1428	928	1261	654	165	621	647	960	1140	1393	867	373	1112	838	138	138	133	131	153	223	276	267	247
12:19:27	4	3	424.3	0.78	1891.6	314.5				670	1026	386	962	453	561	349	216	120	112	102	104	135	132	156	346	555	172	416	188	167	113	197	117	83	82	199	322	175	215	951	170	260	645	979	692	178	189	122	152	160	694	807	323	1293	568	442	1085	1049	1056	249	862	1203	228	383	678	656	170	653	294	599	180	251	112
12:19:36	4	4	750.0	0.75	1897.7	314.5				201	118	107	105	254	100	156	427	89	85	90	125	311	363	284	827	1154	947	547	285	149	495	560	730	102	105	122	155	221	132	220	1104	1001	1042	1051	651	308	372	266	313	647	975	1250	1473	1539	1539	1486	1507	1489	1494	1481	1404	1321	1363	1470	1474	1510	1388	1519	1569	1572	1437	1102	326
12:19:39	4	5	972.2	0.45	1893.5	314.5				1129	1226	338	816	1198	1155	1102	557	730	938	1319	736	1464	1454	1440	1448	1242	262	178	481	1053	242	580	697	974	647	350	1260	1228	902	230	295	302	759	880	1247	1032	540	287	600	885	1192	1035	1489	1493	1448	1279	1304	1392	448	326	883	1480	1489	1453	435	724	1491	1143	1507	1550	1265	1585	1607
12:19:46	4	6	935.3	0.54	1889.8	313.3				572	1207	1420	619	689	906	882	503	1094	651	1319	554	164	561	793	1211	378	1384	1321	504	1027	185	279	636	192	192	222	156	118	120	579	287	236	158	328	773	810	690	704	1755	1548	1461	1466	1464	1489	1485	1435	1448	1433	1440	1439	1452	1226	1397	1455	1430	1465	1482	1514	1516	1528	1479	1012	620
12:19:50	4	7	795.1	0.68	1883.7	313.3				1458	913	447	1427	1420	1207	1346	1352	243	286	149	400	281	720	221	179	602	1337	1391	778	514	435	142	229	132	75	141	118	113	168	169	326	305	165	140	180	122	125	145	286	659	999	1229	1406	1330	1403	1357	1371	1348	1356	1354	1377	1236	815	1363	1345	1384	1399	1425	1432	1442	1404	1138	1127
12:19:58	4	8	985.7	0.59	1881.3	313.3				105	392	526	884	485	167	228	127	127	106	261	106	336	215	108	589	317	990	742	325	780	1284	611	176	114	141	749	298	1037	1421	1457	1488	1464	1450	1573	1541	1475	1461	1525	1884	1559	1477	1498	1531	1506	1500	1446	1469	1362	1451	1447	1473	1514	1496	1474	1442	1479	1497	1533	1530	1546	1479	952	364
12:20:04	4	9	288.2	1.30	1881.3	313.3				1375	1069	668	92	340	83	146	25	20	19	16	14	13	12	11	13	14	11	11	13	17	17	24	55	39	60	51	58	67	66	65	77	189	629	199	283	354	1355	1359	236	279	1093	273	172	297	167	100	174	613	822	1138	967	285	207	553	261	775	98	218	448	93	85	81	79
12:20:10	4	10	739.7	0.84	1884.3	313.3				27	19	17	15	15	14	12	10	8	10	11	11	11	20	46	53	25	29	30	422	108	46	70	189	203	909	827	1361	1188	414	751	1388	943	926	230	1333	1387	1381	776	1650	1494	1294	492	960	1151	455	544	1410	1409	1418	1414	1435	1474	1455	1438	1409	1442	1455	1443	908	1476	1479	1539	1467
12:21:28	5	1	314.8	1.44	1861.7	319.4				34	46	41	22	18	16	41	15	7	6	6	8	8	7	7	7	6	7	8	8	7	11	8	9	14	18	19	25	30	31	35	40	40	47	90	103	106	249	70	69	122	94	565	495	1217	1129	1121	1266	1252	1242	612	871	1160	659	855	1239	1200	732	1220	167	57	117	1181	236
12:21:34	5	2	246.9	1.56	1854.4	319.4				13	12	10	8	8	7	7	7	8	15	28	9	9	23	141	34	24	258	44	121	37	17	75	22	60	24	34	30	61	197	141	40	37	40	100	128	133	78	263	125	63	205	669	334	249	60	63	168	935	680	139	472	727	219	1114	1306	1338	1357	1383	1253	441	76	66	64
12:21:37	5	3	109.7	1.63	1854.4	319.4				55	49	46	40	40	26	24	20	24	21	19	19	21	28	69	22	32	46	49	64	33	33	46	51	46	98	74	305	1187	156	118	208	401	122	606	198	159	256	66	93	62	63	55	64	449	430	72	52	166	154	127	44	38	34	32	42	28	26	25	24	23	18	13	15
12:21:43	5	4	297.8	1.19	1835.5	319.4				239	82	24	23	21	21	22	20	19	22	28	31	30	28	61	50	49	35	29	28	48	125	64	42	231	269	74	48	165	470	61	49	53	96	59	171	977	331	87	556	1109	543	335	174	1111	548	639	577	1137	1181	322	240	94	80	871	814	108	295	1067	313	460	217	1036	956
12:21:46	5	5	184.7	1.32	1837.3	319.4				416	318	135	46	36	36	40	229	380	167	28	19	66	15	14	15	19	70	175	24	24	28	44	669	264	319	255	79	67	425	372	530	81	277	156	60	54	55	69	262	337	98	943	1276	616	116	274	886	144	57	54	56	105	53	51	49	48	47	47	46	46	44	46	47
12:21:52	5	6	426.7	1.18	1837.3	319.4				24	26	40	20	48	24	18	18	18	19	65	26	19	18	21	17	18	24	26	146	941	1009	496	410	98	820	1316	1324	1286	1312	1333	1355	1311	1268	1330	1017	1115	1201	874	1079	246	321	459	798	1105	974	629	158	69	66	66	74	189	71	62	59	58	57	57	55	55	52	53	51
12:21:58	5	7	109.3	1.74	1843.4	319.4				171	1027	93	71	62	37	171	34	25	25	23	27	15	17	17	19	22	125	21	25	69	20	17	23	95	38	52	288	31	23	26	29	33	52	39	170	61	211	686	73	44	41	48	351	966	164	46	44	44	46	54	325	105	55	84	53	54	56	60	57	59	58	61	60
12:22:05	5	8	202.5	1.85	1831.8	319.4				26	23	23	18	15	14	13	16	18	16	17	18	23	59	460	39	32	39	223	94	108	49	35	32	35	37	34	27	61	53	281	176	89	447	1219	1310	1232	1213	1295	1507	478	739	138	66	61	102	74	54	58	68	175	62	56	53	58	48	47	40	37	35	24	22	21	20
12:22:10	5	9	119.9	1.34	1821.4	319.4				37	45	462	61	22	17	18	18	49	34	20	17	17	14	12	10	11	9	11	17	46	217	24	17	15	18	46	159	411	98	47	202	461	471	367	170	109	57	203	658	188	63	54	71	66	207	512	696	158	135	146	99	51	49	47	45	44	42	42	40	38	36	39	111
12:22:17	5	10	143.8	1.76	1848.3	320.6				725	96	50	23	18	32	25	17	15	20	13	13	13	18	17	29	95	40	81	20	25	59	26	25	27	28	31	103	269	65	180	96	45	49	49	46	45	46	215	142	52	49	119	416	63	51	49	140	247	130	70	52	53	71	175	198	880	1146	1254	752	110	55	68	77
12:24:17	6	1	286.5	1.00	912.0	301.7				32	26	23	23	23	39	87	16	14	14	12	13	29	45	14	15	13	12	14	13	16	18	16	51	16	17	10	45	65	96	207	361	422	560	691	499	154	319	371	876	741	698	712	735	725	721	698	701	689	688	636	175	476	617	437	285	185	416	430	481	120	301	686	702
12:24:23	6	2	437.7	1.06	1397.2	313.3				18	15	16	22	40	15	13	13	14	16	15	15	15	12	14	18	19	23	23	51	48	48	56	69	74	90	148	978	1264	1201	499	496	194	119	654	1167	294	121	235	450	1016	299	483	325	615	1259	1227	1237	983	209	416	335	781	1245	1194	374	144	778	1274	1221	893	1233	1129	756
12:24:27	6	3	467.0	1.02	1933.7	326.7				56	57	76	77	68	184	67	31	26	25	23	28	29	31	33	124	67	39	34	118	347	44	37	39	41	59	130	346	378	98	81	95	185	640	1265	220	473	632	368	1621	1384	1307	1153	1036	1326	1285	367	433	485	1250	1235	923	284	777	775	1068	1286	1110	725	394	1043	786	211	959
12:24:35	6	4	664.6	0.88	1922.8	326.7				24	29	29	95	124	32	219	158	42	29	29	23	21	34	48	67	631	737	380	108	68	68	73	84	197	1048	509	138	480	1347	1345	473	1344	1108	1406	495	1345	1398	1455	1791	1484	1401	1417	1447	1427	1405	1048	951	376	492	1137	1370	1411	1386	1365	1329	1137	721	1299	523	96	76	76	133
12:24:40	6	5	311.7	1.22	1911.8	328.5				42	34	34	45	211	24	25	25	39	39	40	43	44	41	29	38	44	35	350	109	164	122	33	41	48	63	69	83	480	841	280	920	421	138	1039	1250	412	288	1228	1287	435	119	105	107	131	107	109	235	148	98	243	776	163	1013	199	193	295	267	447	230	453	1195	1166	1215
12:24:50	6	6	375.7	1.20	1910.6	331.6				39	40	169	65	36	53	37	36	44	117	63	90	34	40	48	123	81	212	114	68	101	377	265	340	74	89	75	94	376	140	201	412	97	88	99	212	1006	492	106	141	225	106	109	140	1063	983	425	151	205	543	737	610	362	285	245	449	915	1297	1463	1444	1460	1479	1540	1520
12:24:56	6	7	441.3	1.04	1930.7	334.6				57	53	54	123	421	73	65	703	113	19	19	17	16	21	19	18	19	18	16	21	26	29	32	35	39	42	47	51	57	78	111	77	79	185	614	1041	969	1000	797	1150	536	1014	829	416	265	328	554	812	947	1084	944	487	1357	1337	785	891	1287	1365	1130	1285	483	154	543	1093
12:25:11	6	8	474.5	1.05	1931.3	337.7				17	17	20	17	19	19	45	36	23	79	121	93	93	96	638	228	192	518	76	70	68	75	83	83	80	67	79	104	154	735	1167	1221	645	996	466	740	962	1461	1536	1884	1387	702	805	1159	932	656	203	214	376	175	879	1307	1459	1279	1279	297	97	342	546	138	153	295	132	538
12:25:17	6	9	224.6	1.08	1936.2	340.7				65	49	59	242	1114	196	53	440	67	192	44	24	143	31	21	25	28	31	33	35	37	40	43	51	48	49	90	54	56	57	98	263	92	190	234	584	672	368	83	424	582	490	459	374	295	402	386	163	76	91	92	80	116	194	376	628	745	319	84	78	86	192	733	913
12:25:26	6	10	654.0	0.76	1932.5	340.7				59	37	251	55	45	50	420	340	784	133	331	197	69	65	148	67	106	174	272	537	709	680	674	593	677	456	1044	927	561	1344	1398	1371	382	859	1482	1460	1392	1367	1306	919	770	1360	1320	1419	1406	1395	1336	1228	185	758	414	714	336	820	215	628	874	1274	1213	156	75	69	70	86
12:26:46	7	1	289.8	1.03	1899.6	341.3				315	109	108	102	96	115	90	172	321	136	455	111	595	138	713	1040	1132	557	891	420	421	320	120	172	127	230	243	627	615	827	851	182	110	106	114	113	195	507	862	995	1019	276	97	92	127	156	210	90	107	67	61	59	63	63	62	69	64	61	61	60	61	62	67	141
12:26:56	7	2	570.5	0.82	1898.3	341.3				138	113	125	193	84	262	293	106	226	393	200	696	964	193	140	249	447	139	128	147	875	1218	308	132	535	205	321	121	136	228	1195	465	223	172	775	1438	1457	1448	1499	1261	337	1095	342	181	209	1136	1402	1188	1102	291	213	426	1210	1246	1070	944	788	353	941	254	1256	1031	139	115
12:27:02	7	3	349.8	1.07	1903.2	341.3				846	1364	1440	1312	977	382	116	46	47	163	41	38	38	86	64	37	36	47	59	115	175	103	41	40	43	49	58	172	906	396	114	551	1123	811	223	94	89	100	98	125	296	416	380	310	276	381	334	402	293	187	142	171	216	204	846	1154	250	475	120	649	213	1009	830	270
12:27:08	7	4	341.8	1.31	1899.6	341.3				55	105	192	67	68	376	369	42	37	41	44	52	57	257	339	356	171	132	68	299	264	257	887	117	152	1137	1362	1372	1391	1348	1363	1378	1350	1338	1322	503	126	111	113	139	114	107	106	111	139	100	94	93	89	87	84	84	84	81	79	76	77	76	77	81	419	218	168	76
12:27:14	7	5	411.5	1.12	1903.2	342.6				661	78	59	62	519	284	47	176	39	35	52	23	31	31	36	35	37	36	32	39	44	73	83	186	81	71	73	103	319	813	954	724	134	1092	1475	1450	1385	1290	532	132	111	573	425	651	282	1315	1341	1057	215	479	1005	308	888	1353	1305	200	91	87	88	92	270	618	156	106
12:27:22	7	6	428.1	1.19	1904.4	342.6				42	39	40	37	31	35	38	37	41	41	36	36	33	42	84	68	46	51	105	155	673	1412	1453	1380	1147	547	155	165	225	849	1300	1153	1005	807	780	967	1216	994	1213	1659	1502	1361	1134	673	148	136	436	261	139	263	113	107	102	96	91	85	84	82	82	78	76	72	72	69
12:27:30	7	7	224.6	1.66	1900.8	342.6				44	40	42	96	30	25	24	23	22	22	16	11	11	14	13	13	12	12	10	12	15	16	17	19	20	18	24	32	36	39	43	47	50	53	61	65	66	79	118	1429	900	115	223	133	82	143	814	1027	818	162	160	849	569	700	1328	1289	447	1208	163	109	93	87	92	127
12:27:38	7	8	331.8	1.21	1890.4	342.6				11	13	14	13	11	15	26	14	15	15	17	18	20	23	28	33	50	230	97	369	737	159	254	484	91	85	72	76	141	572	224	86	83	95	148	338	411	851	925	242	98	136	329	131	456	373	1271	1353	1113	1257	1337	1099	153	168	273	120	170	354	87	138	391	1067	1153	1101
12:27:43	7	9	492.8	1.06	1884.3	343.2				114	40	33	29	27	26	29	27	29	29	26	24	28	111	93	47	298	53	48	68	69	89	89	71	64	73	106	85	244	815	1115	516	1278	631	470	777	577	1079	1412	1760	1459	1375	1396	1422	1399	1218	224	996	1323	1259	191	958	431	412	399	677	375	153	932	150	259	177	428	1430
12:27:50	7	10	182.8	1.27	1882.5	343.2				20	29	42	50	43	44	46	46	44	40	42	29	20	22	38	39	38	99	37	41	53	58	69	158	71	65	66	68	71	72	99	79	123	364	208	80	70	71	81	104	88	84	87	155	446	979	142	1031	959	332	139	411	648	288	627	162	176	474	544	379	224	258	158	76
12:29:35	8	1	248.7	1.34	1915.4	343.2				363	114	47	30	25	24	26	23	22	33	57	16	56	97	23	16	17	20	19	22	33	65	429	270	55	212	497	97	709	811	635	139	1034	1286	727	941	215	171	379	933	1121	302	453	348	1107	418	71	63	563	332	49	42	42	39	36	33	34	30	29	27	26	24	24	24
12:29:40	8	2	277.4	1.42	1915.4	343.2				247	248	62	50	42	36	32	31	196	311	31	55	104	82	288	26	22	17	19	26	118	234	31	22	50	342	45	47	199	271	102	190	1020	702	879	1321	411	84	164	111	293	955	1300	1343	1326	1314	1020	835	97	178	58	48	19	298	126	49	44	40	37	32	28	20	16	14
12:29:45	8	3	122.0	1.51	0.0	0.0				743	81	17	13	16	12	15	16	17	15	20	17	18	133	25	16	14	12	17	67	24	28	30	30	57	39	41	45	48	67	131	357	116	65	106	438	788	1020	227	102	133	232	354	138	207	76	106	265	76	73	73	74	77	83	88	74	74	75	76	75	84	105	77	76
12:29:50	8	3	197.7	1.53	1914.2	342.6				162	815	39	17	14	14	12	14	17	17	18	132	20	24	134	18	19	140	14	25	130	30	35	31	31	32	36	47	47	67	534	1271	931	705	112	96	679	1294	568	116	77	247	212	1104	485	268	84	210	80	111	82	75	77	77	107	80	76	76	77	94	78	104	239	81
12:29:59	8	4	213.7	1.50	1911.8	342.6				15	13	13	13	12	11	9	8	9	11	10	11	15	18	136	104	34	23	22	21	24	21	21	25	32	36	38	42	46	47	54	66	48	51	346	179	346	86	830	153	490	905	376	78	75	238	294	477	1133	1086	1312	1309	460	126	226	493	84	227	98	452	364	219	95	62
12:30:03	8	5	205.6	1.62	1914.2	343.2				25	41	60	14	11	10	9	17	12	13	12	12	13	12	19	25	20	23	38	28	30	48	126	28	229	681	184	550	160	386	595	1225	1032	298	131	466	1218	1328	1189	168	213	91	140	393	85	555	452	106	48	46	45	42	42	41	39	36	36	37	38	40	37	36	38	37
12:30:20	8	6	414.3	1.05	1915.4	345.6				20	15	12	12	14	15	19	19	22	226	208	34	19	20	51	29	26	28	34	112	945	229	75	53	55	59	89	85	67	75	631	411	429	79	104	1001	169	163	145	1453	745	862	436	1041	1343	1123	373	992	1287	1248	491	1201	1197	346	842	597	891	532	574	588	593	949	829	190
12:30:25	8	7	179.2	1.61	1915.4	346.2				209	35	29	28	28	17	14	14	15	13	12	13	17	10	20	179	22	10	12	13	15	17	19	20	21	22	24	46	20	18	24	29	29	30	40	52	34	43	142	49	41	54	422	373	1021	855	459	248	1059	289	526	887	1249	488	80	53	58	262	329	628	517	62	55	52
12:30:35	8	8	119.4	1.30	1919.7	346.2				10	10	9	8	10	12	12	11	10	11	13	15	13	15	14	12	14	91	25	11	13	16	13	13	33	33	35	36	53	466	448	227	283	71	113	156	71	52	93	87	67	416	139	307	174	62	61	88	60	73	335	543	274	204	233	753	411	359	149	65	59	57	59	58
12:30:41	8	9	245.3	1.48	1923.4	346.2				9	8	8	9	8	10	10	10	10	10	10	10	22	11	12	16	16	18	21	24	26	26	28	29	30	32	50	38	43	186	94	53	256	134	151	786	962	841	451	91	225	64	74	399	1263	645	1169	829	618	806	1163	1185	1015	190	97	61	60	62	62	66	268	682	83	58
12:30:49	8	10	155.6	1.89	1927.6	345.6				13	11	11	10	9	8	7	6	6	6	6	8	8	8	8	7	5	7	10	14	17	20	42	97	27	26	27	26	28	29	32	34	34	35	62	90	37	46	321	113	58	42	44	57	48	203	337	54	183	1037	280	631	1267	1323	1092	110	417	263	109	538	109	50	239	155
12:31:47	9	1	329.2	0.99	1906.3	337.7				468	522	746	345	120	69	76	148	83	95	61	118	344	67	52	53	49	52	62	98	620	128	71	66	118	534	282	112	219	1116	442	119	136	186	1036	1359	584	152	184	262	1244	1228	273	284	152	401	122	128	552	223	1167	599	136	136	546	389	146	348	127	379	217	365	135	427
12:31:53	9	2	625.7	0.77	1914.2	340.7				422	100	79	85	367	232	338	152	75	181	77	547	94	76	64	138	990	240	480	85	80	87	86	427	173	1129	323	1387	1429	869	217	971	889	658	779	956	1286	1377	1395	1509	669	1399	803	890	1449	1444	1075	1386	929	1306	1003	415	881	569	226	127	190	257	617	207	948	1334	859	215
12:31:59	9	3	380.8	0.86	1914.2	340.7				621	817	620	177	607	378	1077	524	735	500	462	864	247	95	491	136	256	176	362	363	90	70	77	244	334	175	640	1046	220	264	696	467	112	95	113	116	112	112	118	149	175	106	111	181	236	199	578	1166	1345	1265	664	259	587	206	376	354	139	116	35	85	150	83	173	1030
12:32:06	9	4	319.2	0.99	1920.3	340.7				94	78	116	131	132	542	344	813	112	142	194	101	149	694	179	105	277	313	84	91	353	786	174	130	396	155	434	753	722	615	524	322	171	89	108	125	93	93	103	133	165	302	262	107	101	215	150	97	149	88	80	85	199	364	118	655	1281	671	1456	1407	675	464	221	149
12:32:10	9	5	483.7	0.78	1919.7	341.3				1437	453	1151	873	209	100	988	773	96	120	390	305	738	92	311	410	811	123	568	318	229	98	214	86	80	80	75	76	494	728	208	60	50	45	53	71	123	96	122	172	201	285	519	563	547	954	807	868	1248	1005	1211	740	758	1283	858	478	739	255	515	717	563	967	839	614
12:32:17	9	6	530.6	0.90	1922.8	341.3				341	306	120	277	167	775	338	87	185	69	78	88	64	78	288	583	196	151	321	377	129	1020	1439	1311	615	1303	1394	1063	983	176	145	255	228	856	520	1210	1416	1387	1416	615	1455	1366	388	882	137	204	132	288	918	1066	865	99	75	68	68	76	184	312	975	549	1228	111	72	71
12:32:24	9	7	838.5	0.51	1916.7	341.3				627	332	180	884	621	544	186	579	327	992	1035	230	200	241	214	252	537	176	768	296	216	409	1367	588	459	816	1356	1334	1122	552	1130	271	855	1259	1528	1433	1189	947	956	1199	577	428	730	560	1183	1421	1303	1077	1355	1376	1374	1402	1420	1382	904	642	974	1280	817	918	1083	1353	1398	506
12:32:31	9	8	533.4	0.72	1915.4	342.6				346	136	426	252	131	403	750	975	544	287	196	668	671	1326	737	788	599	912	649	944	664	731	426	375	198	548	172	139	132	277	457	698	205	1127	1323	1183	1095	871	776	752	1196	1023	1173	942	1297	1170	390	275	221	136	120	143	203	94	104	126	182	131	135	266	144	124	151	501
12:32:36	9	9	494.7	0.86	1917.3	342.6				893	1493	1604	1550	1490	1423	1250	291	131	151	99	432	91	104	99	664	690	386	93	80	523	128	357	123	91	148	632	566	444	205	132	119	121	203	295	220	378	234	171	1238	914	877	435	135	226	303	190	523	570	143	166	276	1147	604	290	474	652	455	355	386	920	193	866	1223
12:32:42	9	10	767.9	0.57	1925.2	342.6				160	140	415	114	456	204	88	96	107	576	304	156	573	669	542	1217	567	613	1046	1416	1432	1312	1384	1429	1419	1152	392	689	1080	1381	1148	1413	1415	1394	1185	627	693	983	1327	615	1142	821	783	1336	1201	1304	1060	228	124	403	850	571	844	613	746	290	819	897	207	836	872	406	370	490
12:35:26	10	1	663.7	0.73	1925.2	389.6				353	1181	1496	1493	1444	1315	1173	695	427	321	548	581	621	1047	404	359	449	1132	1224	1372	1395	1161	590	595	271	556	1158	1276	1348	1110	1003	1385	1187	492	178	177	212	315	540	1092	942	217	520	1092	806	1302	976	932	521	122	155	186	57	127	99	428	56	35	36	36	44	27	39	45
12:35:39	10	1	1071.4	0.42	1926.4	387.1				1371	1184	1591	1553	1442	1294	1401	1324	1311	915	439	375	179	471	198	272	691	1170	345	304	373	231	388	275	202	836	997	560	1221	1203	1444	1488	1456	1442	1556	1530	1461	1416	1465	1416	1401	1350	1359	837	1128	1447	1176	1345	1413	1429	1423	1452	1492	1470	1459	1370	1422	1223	1059	1155	1112	839	774	648
12:35:47	10	2	1005.9	0.46	1933.7	387.1				1179	1154	986	591	471	269	1035	807	302	197	364	295	304	831	591	314	1265	1514	1327	1435	1491	1480	1508	1482	1474	1428	686	1443	1483	1438	1453	1480	1447	1429	1541	1359	1426	1374	1476	1801	1211	883	1215	1426	1291	1053	807	1338	1274	1220	896	1101	1087	708	867	722	1029	729	524	211	311	201	155	190
12:35:53	10	3	887.3	0.66	1935.6	387.1				603	944	1236	201	292	752	448	367	147	233	504	591	132	87	142	102	67	58	56	70	72	76	67	56	77	420	938	850	324	249	753	1217	1235	1045	1354	1367	1341	1349	1412	1807	1525	1438	1411	1397	1475	1426	1407	1446	1426	1433	1429	1448	1494	1468	1451	1420	1455	1480	1510	1509	1520	1481	1356	346
12:35:59	10	4	777.4	0.61	1930.7	385.3				53	48	58	295	86	45	72	130	73	42	43	137	273	186	620	632	102	353	717	1225	1472	1331	622	1263	1228	1042	1087	817	774	626	609	958	670	722	1289	1429	1426	910	736	637	622	304	256	701	787	915	1140	1048	1390	1285	758	668	979	942	1307	1318	1438	1377	1455	1466	1449	1033	1256	1023
12:36:07	10	5	1063.1	0.38	1942.3	383.5				833	1476	1291	1452	1454	794	364	1082	654	1167	925	351	185	530	284	607	634	313	1163	1288	731	1033	489	1294	1424	985	1227	487	1066	1290	1430	1239	995	1183	1483	1541	1473	1428	1520	1866	1544	1461	1373	1437	1395	1002	1353	1299	1126	1369	942	398	1065	979	584	1311	1364	1278	1272	1212	1227	1214	520	285
12:36:14	10	6	1131.8	0.44	1933.7	382.2				180	113	110	109	85	82	413	288	110	515	311	205	720	936	827	969	760	950	1343	908	976	1448	1098	855	1234	1450	1488	1500	1527	1483	1503	1531	1499	1467	1548	1491	1429	1481	1540	1887	1575	1484	1506	1536	1261	1504	1456	1478	1457	1461	1454	1384	1512	1418	1391	1442	1480	1493	1295	1280	1440	1201	1211	1346
12:36:18	10	7	619.0	0.59	1936.2	382.2				793	825	790	439	679	779	814	147	543	946	426	939	352	441	303	228	1164	137	685	193	103	86	95	103	98	121	639	902	329	663	1024	969	829	606	533	320	386	527	806	919	810	599	972	1145	577	700	839	1010	487	632	1419	1202	331	226	183	932	385	321	206	994	304	588	1483	1590
12:36:24	10	8	856.6	0.64	1946.6	381.6				84	79	99	244	186	279	271	894	119	247	342	693	554	574	640	301	281	1293	502	120	131	167	107	112	123	158	953	1051	1483	1276	1396	1337	1146	1341	1573	1552	1437	1422	1415	1680	1507	1407	1369	1343	1506	1496	1385	462	1416	1379	1207	506	1035	1330	702	387	1340	1402	1474	1373	1456	816	449	422
12:36:29	10	9	516.0	0.88	1942.3	381.6				342	252	268	274	351	202	265	151	282	131	642	328	334	152	152	431	705	690	1078	231	119	417	410	154	135	201	264	140	154	121	101	98	230	117	122	231	117	121	134	216	373	172	542	919	600	373	473	531	347	356	758	1319	438	1350	1436	1384	1338	1119	1481	1507	1506	1337	1299	1209
12:36:35	10	10	854.0	0.62	1951.4	381.6				308	739	767	316	172	341	670	146	168	189	146	307	264	211	181	469	224	148	150	175	472	168	519	695	537	976	336	234	183	359	1381	1308	1259	1311	1393	1500	1134	1371	1378	1745	1480	1327	803	1299	1188	328	1062	1443	1202	1438	1441	1475	1515	1489	1412	1418	1484	1504	1533	1280	1051	1057	946	1132
